# BEGIN PLOT
LegendOnly=//mt/home/fpauwels/Desktop/Project_Repo/LHC.yoda/MC_BC/h_pT
DrawOnly=//mt/home/fpauwels/Desktop/Project_Repo/LHC.yoda/MC_BC/h_pT
Legend=1
LogY=1
# END PLOT

# BEGIN HISTO1D //mt/home/fpauwels/Desktop/Project_Repo/LHC.yoda/MC_BC/h_pT
LineColor=red
LineStyle=solid
Path=//mt/home/fpauwels/Desktop/Project_Repo/LHC.yoda/MC_BC/h_pT
ScaledBy=2.32662182172683424e+03
Title=LHC
# xlow	 xhigh	 val	 errminus	 errplus
0.000000e+00	1.000000e+00	3.862192e+05	2.997643e+04	2.997643e+04
1.000000e+00	2.000000e+00	9.702013e+05	4.751097e+04	4.751097e+04
2.000000e+00	3.000000e+00	1.349441e+06	5.603247e+04	5.603247e+04
3.000000e+00	4.000000e+00	1.686801e+06	6.264621e+04	6.264621e+04
4.000000e+00	5.000000e+00	1.986935e+06	6.799151e+04	6.799151e+04
5.000000e+00	6.000000e+00	2.159105e+06	7.087610e+04	7.087610e+04
6.000000e+00	7.000000e+00	2.387114e+06	7.452457e+04	7.452457e+04
7.000000e+00	8.000000e+00	2.354541e+06	7.401437e+04	7.401437e+04
8.000000e+00	9.000000e+00	2.391767e+06	7.459717e+04	7.459717e+04
9.000000e+00	1.000000e+01	2.403400e+06	7.477837e+04	7.477837e+04
1.000000e+01	1.100000e+01	2.212617e+06	7.174903e+04	7.174903e+04
1.100000e+01	1.200000e+01	2.070693e+06	6.940980e+04	6.940980e+04
1.200000e+01	1.300000e+01	2.117226e+06	7.018535e+04	7.018535e+04
1.300000e+01	1.400000e+01	1.903177e+06	6.654301e+04	6.654301e+04
1.400000e+01	1.500000e+01	1.891544e+06	6.633932e+04	6.633932e+04
1.500000e+01	1.600000e+01	1.675168e+06	6.242982e+04	6.242982e+04
1.600000e+01	1.700000e+01	1.684474e+06	6.260299e+04	6.260299e+04
1.700000e+01	1.800000e+01	1.672841e+06	6.238645e+04	6.238645e+04
1.800000e+01	1.900000e+01	1.556510e+06	6.017815e+04	6.017815e+04
1.900000e+01	2.000000e+01	1.407606e+06	5.722733e+04	5.722733e+04
2.000000e+01	2.100000e+01	1.198210e+06	5.279945e+04	5.279945e+04
2.100000e+01	2.200000e+01	1.198210e+06	5.279945e+04	5.279945e+04
2.200000e+01	2.300000e+01	1.105145e+06	5.070754e+04	5.070754e+04
2.300000e+01	2.400000e+01	9.190156e+05	4.624070e+04	4.624070e+04
2.400000e+01	2.500000e+01	8.934228e+05	4.559229e+04	4.559229e+04
2.500000e+01	2.600000e+01	8.608501e+05	4.475347e+04	4.475347e+04
2.600000e+01	2.700000e+01	6.281879e+05	3.823030e+04	3.823030e+04
2.700000e+01	2.800000e+01	6.421476e+05	3.865275e+04	3.865275e+04
2.800000e+01	2.900000e+01	5.700223e+05	3.641739e+04	3.641739e+04
2.900000e+01	3.000000e+01	5.304698e+05	3.513123e+04	3.513123e+04
3.000000e+01	3.100000e+01	4.676510e+05	3.298556e+04	3.298556e+04
3.100000e+01	3.200000e+01	3.978523e+05	3.042453e+04	3.042453e+04
3.200000e+01	3.300000e+01	4.234452e+05	3.138784e+04	3.138784e+04
3.300000e+01	3.400000e+01	3.769127e+05	2.961306e+04	2.961306e+04
3.400000e+01	3.500000e+01	2.768680e+05	2.538045e+04	2.538045e+04
3.500000e+01	3.600000e+01	2.698881e+05	2.505848e+04	2.505848e+04
3.600000e+01	3.700000e+01	2.396420e+05	2.361263e+04	2.361263e+04
3.700000e+01	3.800000e+01	1.861297e+05	2.080994e+04	2.080994e+04
3.800000e+01	3.900000e+01	1.744966e+05	2.014914e+04	2.014914e+04
3.900000e+01	4.000000e+01	1.907830e+05	2.106846e+04	2.106846e+04
4.000000e+01	4.100000e+01	1.512304e+05	1.875783e+04	1.875783e+04
4.100000e+01	4.200000e+01	1.140045e+05	1.628635e+04	1.628635e+04
4.200000e+01	4.300000e+01	1.512304e+05	1.875783e+04	1.875783e+04
4.300000e+01	4.400000e+01	1.023714e+05	1.543306e+04	1.543306e+04
4.400000e+01	4.500000e+01	6.979865e+04	1.274343e+04	1.274343e+04
4.500000e+01	4.600000e+01	7.910514e+04	1.356642e+04	1.356642e+04
4.600000e+01	4.700000e+01	6.979865e+04	1.274343e+04	1.274343e+04
4.700000e+01	4.800000e+01	7.445190e+04	1.316136e+04	1.316136e+04
4.800000e+01	4.900000e+01	6.747203e+04	1.252924e+04	1.252924e+04
4.900000e+01	5.000000e+01	6.514541e+04	1.231132e+04	1.231132e+04
5.000000e+01	5.100000e+01	4.420581e+04	1.014151e+04	1.014151e+04
5.100000e+01	5.200000e+01	4.653244e+04	1.040497e+04	1.040497e+04
5.200000e+01	5.300000e+01	3.257271e+04	8.705422e+03	8.705422e+03
5.300000e+01	5.400000e+01	3.489933e+04	9.010968e+03	9.010968e+03
5.400000e+01	5.500000e+01	3.024608e+04	8.388754e+03	8.388754e+03
5.500000e+01	5.600000e+01	1.628635e+04	6.155662e+03	6.155662e+03
5.600000e+01	5.700000e+01	3.722595e+04	9.306488e+03	9.306488e+03
5.700000e+01	5.800000e+01	3.024608e+04	8.388754e+03	8.388754e+03
5.800000e+01	5.900000e+01	2.791946e+04	8.059654e+03	8.059654e+03
5.900000e+01	6.000000e+01	6.979865e+03	4.029828e+03	4.029828e+03
6.000000e+01	6.100000e+01	1.395973e+04	5.699036e+03	5.699036e+03
6.100000e+01	6.200000e+01	1.395973e+04	5.699036e+03	5.699036e+03
6.200000e+01	6.300000e+01	1.861297e+04	6.580680e+03	6.580680e+03
6.300000e+01	6.400000e+01	1.861297e+04	6.580680e+03	6.580680e+03
6.400000e+01	6.500000e+01	1.628635e+04	6.155662e+03	6.155662e+03
6.500000e+01	6.600000e+01	2.093960e+04	6.979865e+03	6.979865e+03
6.600000e+01	6.700000e+01	0.000000e+00	0.000000e+00	0.000000e+00
6.700000e+01	6.800000e+01	1.861297e+04	6.580680e+03	6.580680e+03
6.800000e+01	6.900000e+01	1.861297e+04	6.580680e+03	6.580680e+03
6.900000e+01	7.000000e+01	1.628635e+04	6.155662e+03	6.155662e+03
7.000000e+01	7.100000e+01	1.395973e+04	5.699036e+03	5.699036e+03
7.100000e+01	7.200000e+01	6.979865e+03	4.029828e+03	4.029828e+03
7.200000e+01	7.300000e+01	0.000000e+00	0.000000e+00	0.000000e+00
7.300000e+01	7.400000e+01	1.395973e+04	5.699036e+03	5.699036e+03
7.400000e+01	7.500000e+01	4.653244e+03	3.290340e+03	3.290340e+03
7.500000e+01	7.600000e+01	4.653244e+03	3.290340e+03	3.290340e+03
7.600000e+01	7.700000e+01	4.653244e+03	3.290340e+03	3.290340e+03
7.700000e+01	7.800000e+01	2.326622e+03	2.326622e+03	2.326622e+03
7.800000e+01	7.900000e+01	6.979865e+03	4.029828e+03	4.029828e+03
7.900000e+01	8.000000e+01	9.306487e+03	4.653244e+03	4.653244e+03
8.000000e+01	8.100000e+01	4.653244e+03	3.290340e+03	3.290340e+03
8.100000e+01	8.200000e+01	2.326622e+03	2.326622e+03	2.326622e+03
8.200000e+01	8.300000e+01	2.326622e+03	2.326622e+03	2.326622e+03
8.300000e+01	8.400000e+01	2.326622e+03	2.326622e+03	2.326622e+03
8.400000e+01	8.500000e+01	6.979865e+03	4.029828e+03	4.029828e+03
8.500000e+01	8.600000e+01	2.326622e+03	2.326622e+03	2.326622e+03
8.600000e+01	8.700000e+01	4.653244e+03	3.290340e+03	3.290340e+03
8.700000e+01	8.800000e+01	4.653244e+03	3.290340e+03	3.290340e+03
8.800000e+01	8.900000e+01	2.326622e+03	2.326622e+03	2.326622e+03
8.900000e+01	9.000000e+01	0.000000e+00	0.000000e+00	0.000000e+00
9.000000e+01	9.100000e+01	0.000000e+00	0.000000e+00	0.000000e+00
9.100000e+01	9.200000e+01	4.653244e+03	3.290340e+03	3.290340e+03
9.200000e+01	9.300000e+01	0.000000e+00	0.000000e+00	0.000000e+00
9.300000e+01	9.400000e+01	0.000000e+00	0.000000e+00	0.000000e+00
9.400000e+01	9.500000e+01	0.000000e+00	0.000000e+00	0.000000e+00
9.500000e+01	9.600000e+01	0.000000e+00	0.000000e+00	0.000000e+00
9.600000e+01	9.700000e+01	0.000000e+00	0.000000e+00	0.000000e+00
9.700000e+01	9.800000e+01	4.653244e+03	3.290340e+03	3.290340e+03
9.800000e+01	9.900000e+01	0.000000e+00	0.000000e+00	0.000000e+00
9.900000e+01	1.000000e+02	4.653244e+03	3.290340e+03	3.290340e+03
# END HISTO1D

