# BEGIN PLOT
LegendOnly=//mt/home/fpauwels/Desktop/Project_Repo/LHC.yoda/MC_BC/h_rap
DrawOnly=//mt/home/fpauwels/Desktop/Project_Repo/LHC.yoda/MC_BC/h_rap
Legend=1
LogY=1
# END PLOT

# BEGIN HISTO1D //mt/home/fpauwels/Desktop/Project_Repo/LHC.yoda/MC_BC/h_rap
LineColor=red
LineStyle=solid
Path=//mt/home/fpauwels/Desktop/Project_Repo/LHC.yoda/MC_BC/h_rap
ScaledBy=2.32662182172683424e+03
Title=LHC
# xlow	 xhigh	 val	 errminus	 errplus
-1.000000e+01	-9.800000e+00	0.000000e+00	0.000000e+00	0.000000e+00
-9.800000e+00	-9.600000e+00	0.000000e+00	0.000000e+00	0.000000e+00
-9.600000e+00	-9.400000e+00	0.000000e+00	0.000000e+00	0.000000e+00
-9.400000e+00	-9.200000e+00	0.000000e+00	0.000000e+00	0.000000e+00
-9.200000e+00	-9.000000e+00	0.000000e+00	0.000000e+00	0.000000e+00
-9.000000e+00	-8.800000e+00	0.000000e+00	0.000000e+00	0.000000e+00
-8.800000e+00	-8.600000e+00	0.000000e+00	0.000000e+00	0.000000e+00
-8.600000e+00	-8.400000e+00	0.000000e+00	0.000000e+00	0.000000e+00
-8.400000e+00	-8.200000e+00	0.000000e+00	0.000000e+00	0.000000e+00
-8.200000e+00	-8.000000e+00	0.000000e+00	0.000000e+00	0.000000e+00
-8.000000e+00	-7.800000e+00	0.000000e+00	0.000000e+00	0.000000e+00
-7.800000e+00	-7.600000e+00	0.000000e+00	0.000000e+00	0.000000e+00
-7.600000e+00	-7.400000e+00	0.000000e+00	0.000000e+00	0.000000e+00
-7.400000e+00	-7.200000e+00	0.000000e+00	0.000000e+00	0.000000e+00
-7.200000e+00	-7.000000e+00	0.000000e+00	0.000000e+00	0.000000e+00
-7.000000e+00	-6.800000e+00	0.000000e+00	0.000000e+00	0.000000e+00
-6.800000e+00	-6.600000e+00	0.000000e+00	0.000000e+00	0.000000e+00
-6.600000e+00	-6.400000e+00	0.000000e+00	0.000000e+00	0.000000e+00
-6.400000e+00	-6.200000e+00	0.000000e+00	0.000000e+00	0.000000e+00
-6.200000e+00	-6.000000e+00	0.000000e+00	0.000000e+00	0.000000e+00
-6.000000e+00	-5.800000e+00	0.000000e+00	0.000000e+00	0.000000e+00
-5.800000e+00	-5.600000e+00	5.816555e+04	2.601242e+04	2.601242e+04
-5.600000e+00	-5.400000e+00	8.143175e+04	3.077831e+04	3.077831e+04
-5.400000e+00	-5.200000e+00	1.977628e+05	4.796454e+04	4.796454e+04
-5.200000e+00	-5.000000e+00	2.442953e+05	5.330961e+04	5.330961e+04
-5.000000e+00	-4.800000e+00	3.140939e+05	6.044742e+04	6.044742e+04
-4.800000e+00	-4.600000e+00	4.769574e+05	7.448824e+04	7.448824e+04
-4.600000e+00	-4.400000e+00	6.863535e+05	8.935561e+04	8.935561e+04
-4.400000e+00	-4.200000e+00	1.151678e+06	1.157480e+05	1.157480e+05
-4.200000e+00	-4.000000e+00	1.349440e+06	1.252924e+05	1.252924e+05
-4.000000e+00	-3.800000e+00	1.686801e+06	1.400812e+05	1.400812e+05
-3.800000e+00	-3.600000e+00	1.977629e+06	1.516772e+05	1.516772e+05
-3.600000e+00	-3.400000e+00	2.978076e+06	1.861297e+05	1.861297e+05
-3.400000e+00	-3.200000e+00	3.199105e+06	1.929133e+05	1.929133e+05
-3.200000e+00	-3.000000e+00	3.385235e+06	1.984460e+05	1.984460e+05
-3.000000e+00	-2.800000e+00	4.106487e+06	2.185663e+05	2.185663e+05
-2.800000e+00	-2.600000e+00	5.165100e+06	2.451248e+05	2.451248e+05
-2.600000e+00	-2.400000e+00	5.013870e+06	2.415096e+05	2.415096e+05
-2.400000e+00	-2.200000e+00	5.118570e+06	2.440181e+05	2.440181e+05
-2.200000e+00	-2.000000e+00	6.328410e+06	2.713284e+05	2.713284e+05
-2.000000e+00	-1.800000e+00	6.840270e+06	2.820879e+05	2.820879e+05
-1.800000e+00	-1.600000e+00	7.317225e+06	2.917569e+05	2.917569e+05
-1.600000e+00	-1.400000e+00	7.142730e+06	2.882571e+05	2.882571e+05
-1.400000e+00	-1.200000e+00	7.759285e+06	3.004407e+05	3.004407e+05
-1.200000e+00	-1.000000e+00	8.410740e+06	3.127987e+05	3.127987e+05
-1.000000e+00	-8.000000e-01	9.027295e+06	3.240609e+05	3.240609e+05
-8.000000e-01	-6.000000e-01	8.876060e+06	3.213350e+05	3.213350e+05
-6.000000e-01	-4.000000e-01	8.817895e+06	3.202804e+05	3.202804e+05
-4.000000e-01	-2.000000e-01	8.736465e+06	3.187981e+05	3.187981e+05
-2.000000e-01	0.000000e+00	9.364655e+06	3.300606e+05	3.300606e+05
0.000000e+00	2.000000e-01	9.620580e+06	3.345404e+05	3.345404e+05
2.000000e-01	4.000000e-01	8.899330e+06	3.217559e+05	3.217559e+05
4.000000e-01	6.000000e-01	8.794630e+06	3.198576e+05	3.198576e+05
6.000000e-01	8.000000e-01	8.480535e+06	3.140939e+05	3.140939e+05
8.000000e-01	1.000000e+00	8.829530e+06	3.204916e+05	3.204916e+05
1.000000e+00	1.200000e+00	7.631320e+06	2.979530e+05	2.979530e+05
1.200000e+00	1.400000e+00	7.619685e+06	2.977258e+05	2.977258e+05
1.400000e+00	1.600000e+00	7.317225e+06	2.917569e+05	2.917569e+05
1.600000e+00	1.800000e+00	6.758835e+06	2.804038e+05	2.804038e+05
1.800000e+00	2.000000e+00	6.258615e+06	2.698280e+05	2.698280e+05
2.000000e+00	2.200000e+00	5.746755e+06	2.585588e+05	2.585588e+05
2.200000e+00	2.400000e+00	5.676955e+06	2.569838e+05	2.569838e+05
2.400000e+00	2.600000e+00	4.629977e+06	2.320798e+05	2.320798e+05
2.600000e+00	2.800000e+00	4.874273e+06	2.381238e+05	2.381238e+05
2.800000e+00	3.000000e+00	4.187919e+06	2.207227e+05	2.207227e+05
3.000000e+00	3.200000e+00	3.582997e+06	2.041602e+05	2.041602e+05
3.200000e+00	3.400000e+00	2.617450e+06	1.744966e+05	1.744966e+05
3.400000e+00	3.600000e+00	2.256823e+06	1.620305e+05	1.620305e+05
3.600000e+00	3.800000e+00	1.698434e+06	1.405634e+05	1.405634e+05
3.800000e+00	4.000000e+00	1.454138e+06	1.300621e+05	1.300621e+05
4.000000e+00	4.200000e+00	1.128411e+06	1.145728e+05	1.145728e+05
4.200000e+00	4.400000e+00	9.422820e+05	1.046980e+05	1.046980e+05
4.400000e+00	4.600000e+00	7.910515e+05	9.592908e+04	9.592908e+04
4.600000e+00	4.800000e+00	4.071588e+05	6.882240e+04	6.882240e+04
4.800000e+00	5.000000e+00	3.373601e+05	6.264621e+04	6.264621e+04
5.000000e+00	5.200000e+00	1.628635e+05	4.352711e+04	4.352711e+04
5.200000e+00	5.400000e+00	1.395973e+05	4.029827e+04	4.029827e+04
5.400000e+00	5.600000e+00	4.653244e+04	2.326622e+04	2.326622e+04
5.600000e+00	5.800000e+00	6.979865e+04	2.849518e+04	2.849518e+04
5.800000e+00	6.000000e+00	0.000000e+00	0.000000e+00	0.000000e+00
6.000000e+00	6.200000e+00	1.163311e+04	1.163311e+04	1.163311e+04
6.200000e+00	6.400000e+00	1.163311e+04	1.163311e+04	1.163311e+04
6.400000e+00	6.600000e+00	0.000000e+00	0.000000e+00	0.000000e+00
6.600000e+00	6.800000e+00	0.000000e+00	0.000000e+00	0.000000e+00
6.800000e+00	7.000000e+00	0.000000e+00	0.000000e+00	0.000000e+00
7.000000e+00	7.200000e+00	0.000000e+00	0.000000e+00	0.000000e+00
7.200000e+00	7.400000e+00	0.000000e+00	0.000000e+00	0.000000e+00
7.400000e+00	7.600000e+00	0.000000e+00	0.000000e+00	0.000000e+00
7.600000e+00	7.800000e+00	0.000000e+00	0.000000e+00	0.000000e+00
7.800000e+00	8.000000e+00	0.000000e+00	0.000000e+00	0.000000e+00
8.000000e+00	8.200000e+00	0.000000e+00	0.000000e+00	0.000000e+00
8.200000e+00	8.400000e+00	0.000000e+00	0.000000e+00	0.000000e+00
8.400000e+00	8.600000e+00	0.000000e+00	0.000000e+00	0.000000e+00
8.600000e+00	8.800000e+00	0.000000e+00	0.000000e+00	0.000000e+00
8.800000e+00	9.000000e+00	0.000000e+00	0.000000e+00	0.000000e+00
9.000000e+00	9.200000e+00	0.000000e+00	0.000000e+00	0.000000e+00
9.200000e+00	9.400000e+00	0.000000e+00	0.000000e+00	0.000000e+00
9.400000e+00	9.600000e+00	0.000000e+00	0.000000e+00	0.000000e+00
9.600000e+00	9.800000e+00	0.000000e+00	0.000000e+00	0.000000e+00
9.800000e+00	1.000000e+01	0.000000e+00	0.000000e+00	0.000000e+00
# END HISTO1D

