# BEGIN PLOT
LegendOnly=//mt/home/fpauwels/Desktop/Project_Repo/LHC.yoda/MC_BC/h_rap
DrawOnly=//mt/home/fpauwels/Desktop/Project_Repo/LHC.yoda/MC_BC/h_rap
Legend=1
LogY=1
# END PLOT

# BEGIN HISTO1D //mt/home/fpauwels/Desktop/Project_Repo/LHC.yoda/MC_BC/h_rap
LineColor=red
LineStyle=solid
Path=//mt/home/fpauwels/Desktop/Project_Repo/LHC.yoda/MC_BC/h_rap
ScaledBy=2.35133458818680836e+01
Title=LHC
# xlow	 xhigh	 val	 errminus	 errplus
-1.000000e+01	-9.800000e+00	0.000000e+00	0.000000e+00	0.000000e+00
-9.800000e+00	-9.600000e+00	0.000000e+00	0.000000e+00	0.000000e+00
-9.600000e+00	-9.400000e+00	0.000000e+00	0.000000e+00	0.000000e+00
-9.400000e+00	-9.200000e+00	0.000000e+00	0.000000e+00	0.000000e+00
-9.200000e+00	-9.000000e+00	0.000000e+00	0.000000e+00	0.000000e+00
-9.000000e+00	-8.800000e+00	0.000000e+00	0.000000e+00	0.000000e+00
-8.800000e+00	-8.600000e+00	0.000000e+00	0.000000e+00	0.000000e+00
-8.600000e+00	-8.400000e+00	0.000000e+00	0.000000e+00	0.000000e+00
-8.400000e+00	-8.200000e+00	0.000000e+00	0.000000e+00	0.000000e+00
-8.200000e+00	-8.000000e+00	0.000000e+00	0.000000e+00	0.000000e+00
-8.000000e+00	-7.800000e+00	0.000000e+00	0.000000e+00	0.000000e+00
-7.800000e+00	-7.600000e+00	0.000000e+00	0.000000e+00	0.000000e+00
-7.600000e+00	-7.400000e+00	0.000000e+00	0.000000e+00	0.000000e+00
-7.400000e+00	-7.200000e+00	0.000000e+00	0.000000e+00	0.000000e+00
-7.200000e+00	-7.000000e+00	0.000000e+00	0.000000e+00	0.000000e+00
-7.000000e+00	-6.800000e+00	0.000000e+00	0.000000e+00	0.000000e+00
-6.800000e+00	-6.600000e+00	2.351334e+02	1.662645e+02	1.662645e+02
-6.600000e+00	-6.400000e+00	4.702669e+02	2.351335e+02	2.351335e+02
-6.400000e+00	-6.200000e+00	1.881067e+03	4.702669e+02	4.702669e+02
-6.200000e+00	-6.000000e+00	5.760770e+03	8.229670e+02	8.229670e+02
-6.000000e+00	-5.800000e+00	1.457827e+04	1.309168e+03	1.309168e+03
-5.800000e+00	-5.600000e+00	3.127275e+04	1.917455e+03	1.917455e+03
-5.600000e+00	-5.400000e+00	6.383875e+04	2.739582e+03	2.739582e+03
-5.400000e+00	-5.200000e+00	1.163910e+05	3.699151e+03	3.699151e+03
-5.200000e+00	-5.000000e+00	2.037431e+05	4.894223e+03	4.894223e+03
-5.000000e+00	-4.800000e+00	3.160193e+05	6.095357e+03	6.095357e+03
-4.800000e+00	-4.600000e+00	4.882546e+05	7.576444e+03	7.576444e+03
-4.600000e+00	-4.400000e+00	7.097505e+05	9.134715e+03	9.134715e+03
-4.400000e+00	-4.200000e+00	9.701605e+05	1.067982e+04	1.067982e+04
-4.200000e+00	-4.000000e+00	1.297584e+06	1.235122e+04	1.235122e+04
-4.000000e+00	-3.800000e+00	1.657456e+06	1.395929e+04	1.395929e+04
-3.800000e+00	-3.600000e+00	2.058829e+06	1.555795e+04	1.555795e+04
-3.600000e+00	-3.400000e+00	2.528743e+06	1.724227e+04	1.724227e+04
-3.400000e+00	-3.200000e+00	3.024169e+06	1.885581e+04	1.885581e+04
-3.200000e+00	-3.000000e+00	3.491379e+06	2.026006e+04	2.026006e+04
-3.000000e+00	-2.800000e+00	4.019606e+06	2.173872e+04	2.173872e+04
-2.800000e+00	-2.600000e+00	4.547599e+06	2.312242e+04	2.312242e+04
-2.600000e+00	-2.400000e+00	5.039500e+06	2.434086e+04	2.434086e+04
-2.400000e+00	-2.200000e+00	5.548915e+06	2.554149e+04	2.554149e+04
-2.200000e+00	-2.000000e+00	6.030820e+06	2.662750e+04	2.662750e+04
-2.000000e+00	-1.800000e+00	6.614420e+06	2.788613e+04	2.788613e+04
-1.800000e+00	-1.600000e+00	7.023085e+06	2.873467e+04	2.873467e+04
-1.600000e+00	-1.400000e+00	7.442795e+06	2.958083e+04	2.958083e+04
-1.400000e+00	-1.200000e+00	7.907070e+06	3.048947e+04	3.048947e+04
-1.200000e+00	-1.000000e+00	8.183115e+06	3.101712e+04	3.101712e+04
-1.000000e+00	-8.000000e-01	8.562855e+06	3.172865e+04	3.172865e+04
-8.000000e-01	-6.000000e-01	8.786820e+06	3.214090e+04	3.214090e+04
-6.000000e-01	-4.000000e-01	8.986800e+06	3.250460e+04	3.250460e+04
-4.000000e-01	-2.000000e-01	9.146455e+06	3.279206e+04	3.279206e+04
-2.000000e-01	0.000000e+00	9.232045e+06	3.294512e+04	3.294512e+04
0.000000e+00	2.000000e-01	9.225110e+06	3.293275e+04	3.293275e+04
2.000000e-01	4.000000e-01	9.131645e+06	3.276549e+04	3.276549e+04
4.000000e-01	6.000000e-01	9.022775e+06	3.256959e+04	3.256959e+04
6.000000e-01	8.000000e-01	8.831965e+06	3.222336e+04	3.222336e+04
8.000000e-01	1.000000e+00	8.581430e+06	3.176304e+04	3.176304e+04
1.000000e+00	1.200000e+00	8.189935e+06	3.103005e+04	3.103005e+04
1.200000e+00	1.400000e+00	7.863920e+06	3.040618e+04	3.040618e+04
1.400000e+00	1.600000e+00	7.517685e+06	2.972927e+04	2.972927e+04
1.600000e+00	1.800000e+00	7.058705e+06	2.880745e+04	2.880745e+04
1.800000e+00	2.000000e+00	6.572685e+06	2.779801e+04	2.779801e+04
2.000000e+00	2.200000e+00	6.111235e+06	2.680444e+04	2.680444e+04
2.200000e+00	2.400000e+00	5.589355e+06	2.563440e+04	2.563440e+04
2.400000e+00	2.600000e+00	5.074415e+06	2.442504e+04	2.442504e+04
2.600000e+00	2.800000e+00	4.514680e+06	2.303858e+04	2.303858e+04
2.800000e+00	3.000000e+00	4.017372e+06	2.173268e+04	2.173268e+04
3.000000e+00	3.200000e+00	3.563800e+06	2.046910e+04	2.046910e+04
3.200000e+00	3.400000e+00	3.027461e+06	1.886607e+04	1.886607e+04
3.400000e+00	3.600000e+00	2.538148e+06	1.727431e+04	1.727431e+04
3.600000e+00	3.800000e+00	2.058594e+06	1.555706e+04	1.555706e+04
3.800000e+00	4.000000e+00	1.671446e+06	1.401808e+04	1.401808e+04
4.000000e+00	4.200000e+00	1.277127e+06	1.225348e+04	1.225348e+04
4.200000e+00	4.400000e+00	9.805065e+05	1.073662e+04	1.073662e+04
4.400000e+00	4.600000e+00	7.224475e+05	9.216062e+03	9.216062e+03
4.600000e+00	4.800000e+00	5.076530e+05	7.725485e+03	7.725485e+03
4.800000e+00	5.000000e+00	3.336544e+05	6.263118e+03	6.263118e+03
5.000000e+00	5.200000e+00	2.058593e+05	4.919574e+03	4.919574e+03
5.200000e+00	5.400000e+00	1.165086e+05	3.701018e+03	3.701018e+03
5.400000e+00	5.600000e+00	6.148740e+04	2.688656e+03	2.688656e+03
5.600000e+00	5.800000e+00	3.444705e+04	2.012418e+03	2.012418e+03
5.800000e+00	6.000000e+00	1.575394e+04	1.360933e+03	1.360933e+03
6.000000e+00	6.200000e+00	5.995905e+03	8.395944e+02	8.395944e+02
6.200000e+00	6.400000e+00	2.468901e+03	5.387585e+02	5.387585e+02
6.400000e+00	6.600000e+00	5.878335e+02	2.628872e+02	2.628872e+02
6.600000e+00	6.800000e+00	1.175667e+02	1.175667e+02	1.175667e+02
6.800000e+00	7.000000e+00	1.175667e+02	1.175667e+02	1.175667e+02
7.000000e+00	7.200000e+00	0.000000e+00	0.000000e+00	0.000000e+00
7.200000e+00	7.400000e+00	0.000000e+00	0.000000e+00	0.000000e+00
7.400000e+00	7.600000e+00	0.000000e+00	0.000000e+00	0.000000e+00
7.600000e+00	7.800000e+00	0.000000e+00	0.000000e+00	0.000000e+00
7.800000e+00	8.000000e+00	0.000000e+00	0.000000e+00	0.000000e+00
8.000000e+00	8.200000e+00	0.000000e+00	0.000000e+00	0.000000e+00
8.200000e+00	8.400000e+00	0.000000e+00	0.000000e+00	0.000000e+00
8.400000e+00	8.600000e+00	0.000000e+00	0.000000e+00	0.000000e+00
8.600000e+00	8.800000e+00	0.000000e+00	0.000000e+00	0.000000e+00
8.800000e+00	9.000000e+00	0.000000e+00	0.000000e+00	0.000000e+00
9.000000e+00	9.200000e+00	0.000000e+00	0.000000e+00	0.000000e+00
9.200000e+00	9.400000e+00	0.000000e+00	0.000000e+00	0.000000e+00
9.400000e+00	9.600000e+00	0.000000e+00	0.000000e+00	0.000000e+00
9.600000e+00	9.800000e+00	0.000000e+00	0.000000e+00	0.000000e+00
9.800000e+00	1.000000e+01	0.000000e+00	0.000000e+00	0.000000e+00
# END HISTO1D

