# BEGIN PLOT
LegendOnly=//mt/home/fpauwels/Desktop/Project_Repo/B_c/Comparison/LHC.yoda/MC_BC_comparison/h_pT_Bc
DrawOnly=//mt/home/fpauwels/Desktop/Project_Repo/B_c/Comparison/LHC.yoda/MC_BC_comparison/h_pT_Bc
Legend=1
LogY=1
# END PLOT

# BEGIN HISTO1D //mt/home/fpauwels/Desktop/Project_Repo/B_c/Comparison/LHC.yoda/MC_BC_comparison/h_pT_Bc
LineColor=red
LineStyle=solid
Path=//mt/home/fpauwels/Desktop/Project_Repo/B_c/Comparison/LHC.yoda/MC_BC_comparison/h_pT_Bc
ScaledBy=3.47353013855299332e+03
Title=LHC
# xlow	 xhigh	 val	 errminus	 errplus
4.000000e+00	4.220000e+00	0.000000e+00	0.000000e+00	0.000000e+00
4.220000e+00	4.440000e+00	0.000000e+00	0.000000e+00	0.000000e+00
4.440000e+00	4.660000e+00	0.000000e+00	0.000000e+00	0.000000e+00
4.660000e+00	4.880000e+00	0.000000e+00	0.000000e+00	0.000000e+00
4.880000e+00	5.100000e+00	2.826190e+06	2.112394e+05	2.112394e+05
5.100000e+00	5.320000e+00	5.478705e+06	2.941123e+05	2.941123e+05
5.320000e+00	5.540000e+00	5.794482e+06	3.024694e+05	3.024694e+05
5.540000e+00	5.760000e+00	5.320818e+06	2.898434e+05	2.898434e+05
5.760000e+00	5.980000e+00	6.110255e+06	3.106017e+05	3.106017e+05
5.980000e+00	6.200000e+00	5.320818e+06	2.898434e+05	2.898434e+05
6.200000e+00	6.420000e+00	5.510282e+06	2.949586e+05	2.949586e+05
6.420000e+00	6.640000e+00	5.589227e+06	2.970640e+05	2.970640e+05
6.640000e+00	6.860000e+00	4.578745e+06	2.688731e+05	2.688731e+05
6.860000e+00	7.080000e+00	5.605014e+06	2.974833e+05	2.974833e+05
7.080000e+00	7.300000e+00	5.083986e+06	2.833194e+05	2.833194e+05
7.300000e+00	7.520000e+00	5.478705e+06	2.941123e+05	2.941123e+05
7.520000e+00	7.740000e+00	5.257664e+06	2.881181e+05	2.881181e+05
7.740000e+00	7.960000e+00	4.831364e+06	2.761907e+05	2.761907e+05
7.960000e+00	8.180000e+00	4.689264e+06	2.720988e+05	2.720988e+05
8.180000e+00	8.400000e+00	4.673477e+06	2.716403e+05	2.716403e+05
8.400000e+00	8.620000e+00	4.484012e+06	2.660771e+05	2.660771e+05
8.620000e+00	8.840000e+00	4.452434e+06	2.651386e+05	2.651386e+05
8.840000e+00	9.060000e+00	4.641900e+06	2.707211e+05	2.707211e+05
9.060000e+00	9.280000e+00	4.389279e+06	2.632514e+05	2.632514e+05
9.280000e+00	9.500000e+00	4.357701e+06	2.623028e+05	2.623028e+05
9.500000e+00	9.720000e+00	4.515589e+06	2.670124e+05	2.670124e+05
9.720000e+00	9.940000e+00	4.657686e+06	2.711811e+05	2.711811e+05
9.940000e+00	1.016000e+01	3.773517e+06	2.440885e+05	2.440885e+05
1.016000e+01	1.038000e+01	3.820883e+06	2.456157e+05	2.456157e+05
1.038000e+01	1.060000e+01	4.057715e+06	2.531133e+05	2.531133e+05
1.060000e+01	1.082000e+01	3.489319e+06	2.347170e+05	2.347170e+05
1.082000e+01	1.104000e+01	3.552474e+06	2.368316e+05	2.368316e+05
1.104000e+01	1.126000e+01	3.741939e+06	2.430651e+05	2.430651e+05
1.126000e+01	1.148000e+01	3.157755e+06	2.232870e+05	2.232870e+05
1.148000e+01	1.170000e+01	3.205121e+06	2.249554e+05	2.249554e+05
1.170000e+01	1.192000e+01	3.141966e+06	2.227281e+05	2.227281e+05
1.192000e+01	1.214000e+01	2.905134e+06	2.141694e+05	2.141694e+05
1.214000e+01	1.236000e+01	3.141966e+06	2.227281e+05	2.227281e+05
1.236000e+01	1.258000e+01	2.684091e+06	2.058604e+05	2.058604e+05
1.258000e+01	1.280000e+01	2.778824e+06	2.094617e+05	2.094617e+05
1.280000e+01	1.302000e+01	2.968290e+06	2.164847e+05	2.164847e+05
1.302000e+01	1.324000e+01	2.463049e+06	1.972017e+05	1.972017e+05
1.324000e+01	1.346000e+01	2.652514e+06	2.046459e+05	2.046459e+05
1.346000e+01	1.368000e+01	2.273583e+06	1.894653e+05	1.894653e+05
1.368000e+01	1.390000e+01	2.368316e+06	1.933722e+05	1.933722e+05
1.390000e+01	1.412000e+01	2.178851e+06	1.854761e+05	1.854761e+05
1.412000e+01	1.434000e+01	2.115695e+06	1.827683e+05	1.827683e+05
1.434000e+01	1.456000e+01	1.799920e+06	1.685780e+05	1.685780e+05
1.456000e+01	1.478000e+01	2.131485e+06	1.834490e+05	1.834490e+05
1.478000e+01	1.500000e+01	2.020963e+06	1.786296e+05	1.786296e+05
1.500000e+01	1.522000e+01	2.115695e+06	1.827683e+05	1.827683e+05
1.522000e+01	1.544000e+01	1.689399e+06	1.633203e+05	1.633203e+05
1.544000e+01	1.566000e+01	1.784131e+06	1.678370e+05	1.678370e+05
1.566000e+01	1.588000e+01	1.831498e+06	1.700503e+05	1.700503e+05
1.588000e+01	1.610000e+01	1.499934e+06	1.538899e+05	1.538899e+05
1.610000e+01	1.632000e+01	1.626244e+06	1.602385e+05	1.602385e+05
1.632000e+01	1.654000e+01	1.515722e+06	1.546978e+05	1.546978e+05
1.654000e+01	1.676000e+01	1.389412e+06	1.481118e+05	1.481118e+05
1.676000e+01	1.698000e+01	1.294680e+06	1.429734e+05	1.429734e+05
1.698000e+01	1.720000e+01	1.278890e+06	1.420990e+05	1.420990e+05
1.720000e+01	1.742000e+01	9.946927e+05	1.253195e+05	1.253195e+05
1.742000e+01	1.764000e+01	1.089425e+06	1.311514e+05	1.311514e+05
1.764000e+01	1.786000e+01	1.326257e+06	1.447065e+05	1.447065e+05
1.786000e+01	1.808000e+01	9.315377e+05	1.212759e+05	1.212759e+05
1.808000e+01	1.830000e+01	9.473264e+05	1.222993e+05	1.222993e+05
1.830000e+01	1.852000e+01	9.789041e+05	1.243209e+05	1.243209e+05
1.852000e+01	1.874000e+01	1.057848e+06	1.292367e+05	1.292367e+05
1.874000e+01	1.896000e+01	7.262836e+05	1.070847e+05	1.070847e+05
1.896000e+01	1.918000e+01	8.841714e+05	1.181524e+05	1.181524e+05
1.918000e+01	1.940000e+01	6.789173e+05	1.035339e+05	1.035339e+05
1.940000e+01	1.962000e+01	9.157486e+05	1.202437e+05	1.202437e+05
1.962000e+01	1.984000e+01	8.210164e+05	1.138545e+05	1.138545e+05
1.984000e+01	2.006000e+01	5.368182e+05	9.206358e+04	9.206358e+04
2.006000e+01	2.028000e+01	7.420723e+05	1.082424e+05	1.082424e+05
2.028000e+01	2.050000e+01	7.104950e+05	1.059143e+05	1.059143e+05
2.050000e+01	2.072000e+01	7.262836e+05	1.070847e+05	1.070847e+05
2.072000e+01	2.094000e+01	6.947059e+05	1.047309e+05	1.047309e+05
2.094000e+01	2.116000e+01	6.473395e+05	1.010975e+05	1.010975e+05
2.116000e+01	2.138000e+01	5.683959e+05	9.473264e+04	9.473264e+04
2.138000e+01	2.160000e+01	5.368182e+05	9.206358e+04	9.206358e+04
2.160000e+01	2.182000e+01	6.947059e+05	1.047309e+05	1.047309e+05
2.182000e+01	2.204000e+01	5.841845e+05	9.603936e+04	9.603936e+04
2.204000e+01	2.226000e+01	5.210295e+05	9.069960e+04	9.069960e+04
2.226000e+01	2.248000e+01	4.736632e+05	8.647867e+04	8.647867e+04
2.248000e+01	2.270000e+01	4.736632e+05	8.647867e+04	8.647867e+04
2.270000e+01	2.292000e+01	4.894518e+05	8.790817e+04	8.790817e+04
2.292000e+01	2.314000e+01	4.105081e+05	8.050726e+04	8.050726e+04
2.314000e+01	2.336000e+01	4.420856e+05	8.354633e+04	8.354633e+04
2.336000e+01	2.358000e+01	3.473530e+05	7.405592e+04	7.405592e+04
2.358000e+01	2.380000e+01	4.420856e+05	8.354633e+04	8.354633e+04
2.380000e+01	2.402000e+01	4.262969e+05	8.204087e+04	8.204087e+04
2.402000e+01	2.424000e+01	3.315642e+05	7.235324e+04	7.235324e+04
2.424000e+01	2.446000e+01	4.262969e+05	8.204087e+04	8.204087e+04
2.446000e+01	2.468000e+01	2.526204e+05	6.315510e+04	6.315510e+04
2.468000e+01	2.490000e+01	4.420856e+05	8.354633e+04	8.354633e+04
2.490000e+01	2.512000e+01	1.894653e+05	5.469391e+04	5.469391e+04
2.512000e+01	2.534000e+01	0.000000e+00	0.000000e+00	0.000000e+00
2.534000e+01	2.556000e+01	0.000000e+00	0.000000e+00	0.000000e+00
2.556000e+01	2.578000e+01	0.000000e+00	0.000000e+00	0.000000e+00
2.578000e+01	2.600000e+01	0.000000e+00	0.000000e+00	0.000000e+00
# END HISTO1D

