# BEGIN PLOT
LegendOnly=//mt/home/fpauwels/Desktop/Project_Repo/B_c/Comparison/LHC.yoda/MC_BC_comparison/h_pT_B0
DrawOnly=//mt/home/fpauwels/Desktop/Project_Repo/B_c/Comparison/LHC.yoda/MC_BC_comparison/h_pT_B0
Legend=1
LogY=1
# END PLOT

# BEGIN HISTO1D //mt/home/fpauwels/Desktop/Project_Repo/B_c/Comparison/LHC.yoda/MC_BC_comparison/h_pT_B0
LineColor=red
LineStyle=solid
Path=//mt/home/fpauwels/Desktop/Project_Repo/B_c/Comparison/LHC.yoda/MC_BC_comparison/h_pT_B0
ScaledBy=3.47353013855299332e+03
Title=LHC
# xlow	 xhigh	 val	 errminus	 errplus
4.000000e+00	4.220000e+00	0.000000e+00	0.000000e+00	0.000000e+00
4.220000e+00	4.440000e+00	0.000000e+00	0.000000e+00	0.000000e+00
4.440000e+00	4.660000e+00	0.000000e+00	0.000000e+00	0.000000e+00
4.660000e+00	4.880000e+00	0.000000e+00	0.000000e+00	0.000000e+00
4.880000e+00	5.100000e+00	2.289372e+06	1.901220e+05	1.901220e+05
5.100000e+00	5.320000e+00	4.815577e+06	2.757391e+05	2.757391e+05
5.320000e+00	5.540000e+00	4.389279e+06	2.632514e+05	2.632514e+05
5.540000e+00	5.760000e+00	4.089292e+06	2.540963e+05	2.540963e+05
5.760000e+00	5.980000e+00	3.678784e+06	2.410052e+05	2.410052e+05
5.980000e+00	6.200000e+00	3.789305e+06	2.445986e+05	2.445986e+05
6.200000e+00	6.420000e+00	3.410375e+06	2.320466e+05	2.320466e+05
6.420000e+00	6.640000e+00	2.857768e+06	2.124162e+05	2.124162e+05
6.640000e+00	6.860000e+00	3.552474e+06	2.368316e+05	2.368316e+05
6.860000e+00	7.080000e+00	3.505108e+06	2.352474e+05	2.352474e+05
7.080000e+00	7.300000e+00	2.857768e+06	2.124162e+05	2.124162e+05
7.300000e+00	7.520000e+00	2.494626e+06	1.984618e+05	1.984618e+05
7.520000e+00	7.740000e+00	2.936712e+06	2.153302e+05	2.153302e+05
7.740000e+00	7.960000e+00	2.242006e+06	1.881449e+05	1.881449e+05
7.960000e+00	8.180000e+00	2.131485e+06	1.834490e+05	1.834490e+05
8.180000e+00	8.400000e+00	2.210428e+06	1.868153e+05	1.868153e+05
8.400000e+00	8.620000e+00	1.910441e+06	1.736765e+05	1.736765e+05
8.620000e+00	8.840000e+00	2.099907e+06	1.820850e+05	1.820850e+05
8.840000e+00	9.060000e+00	1.468356e+06	1.522614e+05	1.522614e+05
9.060000e+00	9.280000e+00	1.610455e+06	1.594588e+05	1.594588e+05
9.280000e+00	9.500000e+00	1.642032e+06	1.610145e+05	1.610145e+05
9.500000e+00	9.720000e+00	1.689399e+06	1.633203e+05	1.633203e+05
9.720000e+00	9.940000e+00	1.515722e+06	1.546978e+05	1.546978e+05
9.940000e+00	1.016000e+01	1.468356e+06	1.522614e+05	1.522614e+05
1.016000e+01	1.038000e+01	1.326257e+06	1.447065e+05	1.447065e+05
1.038000e+01	1.060000e+01	1.184158e+06	1.367348e+05	1.367348e+05
1.060000e+01	1.082000e+01	1.247313e+06	1.403337e+05	1.403337e+05
1.082000e+01	1.104000e+01	1.215735e+06	1.385459e+05	1.385459e+05
1.104000e+01	1.126000e+01	1.042059e+06	1.282686e+05	1.282686e+05
1.126000e+01	1.148000e+01	9.157486e+05	1.202437e+05	1.202437e+05
1.148000e+01	1.170000e+01	8.052273e+05	1.127544e+05	1.127544e+05
1.170000e+01	1.192000e+01	9.631150e+05	1.233143e+05	1.233143e+05
1.192000e+01	1.214000e+01	8.841714e+05	1.181524e+05	1.181524e+05
1.214000e+01	1.236000e+01	6.789173e+05	1.035339e+05	1.035339e+05
1.236000e+01	1.258000e+01	5.210295e+05	9.069960e+04	9.069960e+04
1.258000e+01	1.280000e+01	5.210295e+05	9.069960e+04	9.069960e+04
1.280000e+01	1.302000e+01	6.157623e+05	9.860086e+04	9.860086e+04
1.302000e+01	1.324000e+01	5.841845e+05	9.603936e+04	9.603936e+04
1.324000e+01	1.346000e+01	7.104950e+05	1.059143e+05	1.059143e+05
1.346000e+01	1.368000e+01	4.420856e+05	8.354633e+04	8.354633e+04
1.368000e+01	1.390000e+01	3.315642e+05	7.235324e+04	7.235324e+04
1.390000e+01	1.412000e+01	3.789305e+05	7.734888e+04	7.734888e+04
1.412000e+01	1.434000e+01	3.789305e+05	7.734888e+04	7.734888e+04
1.434000e+01	1.456000e+01	2.999867e+05	6.882166e+04	6.882166e+04
1.456000e+01	1.478000e+01	3.473530e+05	7.405592e+04	7.405592e+04
1.478000e+01	1.500000e+01	2.052540e+05	5.692724e+04	5.692724e+04
1.500000e+01	1.522000e+01	2.368316e+05	6.114966e+04	6.114966e+04
1.522000e+01	1.544000e+01	1.736765e+05	5.236543e+04	5.236543e+04
1.544000e+01	1.566000e+01	1.263102e+05	4.465739e+04	4.465739e+04
1.566000e+01	1.588000e+01	2.526204e+05	6.315510e+04	6.315510e+04
1.588000e+01	1.610000e+01	1.420990e+05	4.736632e+04	4.736632e+04
1.610000e+01	1.632000e+01	2.052540e+05	5.692724e+04	5.692724e+04
1.632000e+01	1.654000e+01	1.105214e+05	4.177317e+04	4.177317e+04
1.654000e+01	1.676000e+01	6.315509e+04	3.157755e+04	3.157755e+04
1.676000e+01	1.698000e+01	1.263102e+05	4.465739e+04	4.465739e+04
1.698000e+01	1.720000e+01	1.420990e+05	4.736632e+04	4.736632e+04
1.720000e+01	1.742000e+01	1.736765e+05	5.236543e+04	5.236543e+04
1.742000e+01	1.764000e+01	1.578877e+05	4.992848e+04	4.992848e+04
1.764000e+01	1.786000e+01	1.736765e+05	5.236543e+04	5.236543e+04
1.786000e+01	1.808000e+01	1.105214e+05	4.177317e+04	4.177317e+04
1.808000e+01	1.830000e+01	1.578877e+05	4.992848e+04	4.992848e+04
1.830000e+01	1.852000e+01	7.894386e+04	3.530477e+04	3.530477e+04
1.852000e+01	1.874000e+01	7.894386e+04	3.530477e+04	3.530477e+04
1.874000e+01	1.896000e+01	4.736632e+04	2.734696e+04	2.734696e+04
1.896000e+01	1.918000e+01	9.473264e+04	3.867444e+04	3.867444e+04
1.918000e+01	1.940000e+01	3.157755e+04	2.232870e+04	2.232870e+04
1.940000e+01	1.962000e+01	4.736632e+04	2.734696e+04	2.734696e+04
1.962000e+01	1.984000e+01	6.315509e+04	3.157755e+04	3.157755e+04
1.984000e+01	2.006000e+01	3.157755e+04	2.232870e+04	2.232870e+04
2.006000e+01	2.028000e+01	9.473264e+04	3.867444e+04	3.867444e+04
2.028000e+01	2.050000e+01	6.315509e+04	3.157755e+04	3.157755e+04
2.050000e+01	2.072000e+01	7.894386e+04	3.530477e+04	3.530477e+04
2.072000e+01	2.094000e+01	6.315509e+04	3.157755e+04	3.157755e+04
2.094000e+01	2.116000e+01	4.736632e+04	2.734696e+04	2.734696e+04
2.116000e+01	2.138000e+01	3.157755e+04	2.232870e+04	2.232870e+04
2.138000e+01	2.160000e+01	4.736632e+04	2.734696e+04	2.734696e+04
2.160000e+01	2.182000e+01	4.736632e+04	2.734696e+04	2.734696e+04
2.182000e+01	2.204000e+01	4.736632e+04	2.734696e+04	2.734696e+04
2.204000e+01	2.226000e+01	6.315509e+04	3.157755e+04	3.157755e+04
2.226000e+01	2.248000e+01	1.578877e+04	1.578877e+04	1.578877e+04
2.248000e+01	2.270000e+01	4.736632e+04	2.734696e+04	2.734696e+04
2.270000e+01	2.292000e+01	7.894386e+04	3.530477e+04	3.530477e+04
2.292000e+01	2.314000e+01	0.000000e+00	0.000000e+00	0.000000e+00
2.314000e+01	2.336000e+01	6.315509e+04	3.157755e+04	3.157755e+04
2.336000e+01	2.358000e+01	4.736632e+04	2.734696e+04	2.734696e+04
2.358000e+01	2.380000e+01	3.157755e+04	2.232870e+04	2.232870e+04
2.380000e+01	2.402000e+01	4.736632e+04	2.734696e+04	2.734696e+04
2.402000e+01	2.424000e+01	6.315509e+04	3.157755e+04	3.157755e+04
2.424000e+01	2.446000e+01	1.578877e+04	1.578877e+04	1.578877e+04
2.446000e+01	2.468000e+01	3.157755e+04	2.232870e+04	2.232870e+04
2.468000e+01	2.490000e+01	1.578877e+04	1.578877e+04	1.578877e+04
2.490000e+01	2.512000e+01	1.578877e+04	1.578877e+04	1.578877e+04
2.512000e+01	2.534000e+01	0.000000e+00	0.000000e+00	0.000000e+00
2.534000e+01	2.556000e+01	0.000000e+00	0.000000e+00	0.000000e+00
2.556000e+01	2.578000e+01	0.000000e+00	0.000000e+00	0.000000e+00
2.578000e+01	2.600000e+01	0.000000e+00	0.000000e+00	0.000000e+00
# END HISTO1D

