# BEGIN PLOT
LegendOnly=//mt/home/fpauwels/Desktop/Project_Repo/LHC.yoda/MC_BC/h_rap
DrawOnly=//mt/home/fpauwels/Desktop/Project_Repo/LHC.yoda/MC_BC/h_rap
Legend=1
LogY=1
# END PLOT

# BEGIN HISTO1D //mt/home/fpauwels/Desktop/Project_Repo/LHC.yoda/MC_BC/h_rap
LineColor=red
LineStyle=solid
Path=//mt/home/fpauwels/Desktop/Project_Repo/LHC.yoda/MC_BC/h_rap
ScaledBy=2.34843645860855332e+02
Title=LHC
# xlow	 xhigh	 val	 errminus	 errplus
-1.000000e+01	-9.800000e+00	0.000000e+00	0.000000e+00	0.000000e+00
-9.800000e+00	-9.600000e+00	0.000000e+00	0.000000e+00	0.000000e+00
-9.600000e+00	-9.400000e+00	0.000000e+00	0.000000e+00	0.000000e+00
-9.400000e+00	-9.200000e+00	0.000000e+00	0.000000e+00	0.000000e+00
-9.200000e+00	-9.000000e+00	0.000000e+00	0.000000e+00	0.000000e+00
-9.000000e+00	-8.800000e+00	0.000000e+00	0.000000e+00	0.000000e+00
-8.800000e+00	-8.600000e+00	0.000000e+00	0.000000e+00	0.000000e+00
-8.600000e+00	-8.400000e+00	0.000000e+00	0.000000e+00	0.000000e+00
-8.400000e+00	-8.200000e+00	0.000000e+00	0.000000e+00	0.000000e+00
-8.200000e+00	-8.000000e+00	0.000000e+00	0.000000e+00	0.000000e+00
-8.000000e+00	-7.800000e+00	0.000000e+00	0.000000e+00	0.000000e+00
-7.800000e+00	-7.600000e+00	0.000000e+00	0.000000e+00	0.000000e+00
-7.600000e+00	-7.400000e+00	0.000000e+00	0.000000e+00	0.000000e+00
-7.400000e+00	-7.200000e+00	0.000000e+00	0.000000e+00	0.000000e+00
-7.200000e+00	-7.000000e+00	0.000000e+00	0.000000e+00	0.000000e+00
-7.000000e+00	-6.800000e+00	0.000000e+00	0.000000e+00	0.000000e+00
-6.800000e+00	-6.600000e+00	0.000000e+00	0.000000e+00	0.000000e+00
-6.600000e+00	-6.400000e+00	0.000000e+00	0.000000e+00	0.000000e+00
-6.400000e+00	-6.200000e+00	2.348436e+03	1.660596e+03	1.660596e+03
-6.200000e+00	-6.000000e+00	8.219530e+03	3.106690e+03	3.106690e+03
-6.000000e+00	-5.800000e+00	9.393745e+03	3.321191e+03	3.321191e+03
-5.800000e+00	-5.600000e+00	3.405233e+04	6.323359e+03	6.323359e+03
-5.600000e+00	-5.400000e+00	5.988515e+04	8.385595e+03	8.385595e+03
-5.400000e+00	-5.200000e+00	1.291640e+05	1.231530e+04	1.231530e+04
-5.200000e+00	-5.000000e+00	1.913975e+05	1.499142e+04	1.499142e+04
-5.000000e+00	-4.800000e+00	3.052967e+05	1.893370e+04	1.893370e+04
-4.800000e+00	-4.600000e+00	5.401405e+05	2.518418e+04	2.518418e+04
-4.600000e+00	-4.400000e+00	6.963115e+05	2.859408e+04	2.859408e+04
-4.400000e+00	-4.200000e+00	9.804720e+05	3.393064e+04	3.393064e+04
-4.200000e+00	-4.000000e+00	1.311602e+06	3.924419e+04	3.924419e+04
-4.000000e+00	-3.800000e+00	1.697919e+06	4.465118e+04	4.465118e+04
-3.800000e+00	-3.600000e+00	2.068973e+06	4.928920e+04	4.928920e+04
-3.600000e+00	-3.400000e+00	2.576235e+06	5.500057e+04	5.500057e+04
-3.400000e+00	-3.200000e+00	3.050619e+06	5.985058e+04	5.985058e+04
-3.200000e+00	-3.000000e+00	3.465118e+06	6.378719e+04	6.378719e+04
-3.000000e+00	-2.800000e+00	4.060446e+06	6.904962e+04	6.904962e+04
-2.800000e+00	-2.600000e+00	4.666343e+06	7.402233e+04	7.402233e+04
-2.600000e+00	-2.400000e+00	5.052660e+06	7.702550e+04	7.702550e+04
-2.400000e+00	-2.200000e+00	5.429585e+06	7.984684e+04	7.984684e+04
-2.200000e+00	-2.000000e+00	6.105935e+06	8.467408e+04	8.467408e+04
-2.000000e+00	-1.800000e+00	6.619070e+06	8.816025e+04	8.816025e+04
-1.800000e+00	-1.600000e+00	7.039440e+06	9.091665e+04	9.091665e+04
-1.600000e+00	-1.400000e+00	7.255495e+06	9.230133e+04	9.230133e+04
-1.400000e+00	-1.200000e+00	7.893095e+06	9.627157e+04	9.627157e+04
-1.200000e+00	-1.000000e+00	8.126765e+06	9.768621e+04	9.768621e+04
-1.000000e+00	-8.000000e-01	8.543610e+06	1.001602e+05	1.001602e+05
-8.000000e-01	-6.000000e-01	8.805465e+06	1.016835e+05	1.016835e+05
-6.000000e-01	-4.000000e-01	8.941670e+06	1.024669e+05	1.024669e+05
-4.000000e-01	-2.000000e-01	9.180040e+06	1.038237e+05	1.038237e+05
-2.000000e-01	0.000000e+00	9.183560e+06	1.038437e+05	1.038437e+05
0.000000e+00	2.000000e-01	9.067315e+06	1.031843e+05	1.031843e+05
2.000000e-01	4.000000e-01	9.055570e+06	1.031175e+05	1.031175e+05
4.000000e-01	6.000000e-01	9.000385e+06	1.028028e+05	1.028028e+05
6.000000e-01	8.000000e-01	8.739705e+06	1.013031e+05	1.013031e+05
8.000000e-01	1.000000e+00	8.548310e+06	1.001877e+05	1.001877e+05
1.000000e+00	1.200000e+00	8.022260e+06	9.705608e+04	9.705608e+04
1.200000e+00	1.400000e+00	7.807375e+06	9.574740e+04	9.574740e+04
1.400000e+00	1.600000e+00	7.414015e+06	9.330418e+04	9.330418e+04
1.600000e+00	1.800000e+00	7.134550e+06	9.152878e+04	9.152878e+04
1.800000e+00	2.000000e+00	6.521610e+06	8.750880e+04	8.750880e+04
2.000000e+00	2.200000e+00	6.203395e+06	8.534717e+04	8.534717e+04
2.200000e+00	2.400000e+00	5.534090e+06	8.061160e+04	8.061160e+04
2.400000e+00	2.600000e+00	4.959898e+06	7.631515e+04	7.631515e+04
2.600000e+00	2.800000e+00	4.710964e+06	7.437540e+04	7.437540e+04
2.800000e+00	3.000000e+00	4.147339e+06	6.978453e+04	6.978453e+04
3.000000e+00	3.200000e+00	3.617766e+06	6.517705e+04	6.517705e+04
3.200000e+00	3.400000e+00	2.982515e+06	5.917873e+04	5.917873e+04
3.400000e+00	3.600000e+00	2.535137e+06	5.456010e+04	5.456010e+04
3.600000e+00	3.800000e+00	2.078367e+06	4.940097e+04	4.940097e+04
3.800000e+00	4.000000e+00	1.662693e+06	4.418557e+04	4.418557e+04
4.000000e+00	4.200000e+00	1.309253e+06	3.920904e+04	3.920904e+04
4.200000e+00	4.400000e+00	1.014524e+06	3.451483e+04	3.451483e+04
4.400000e+00	4.600000e+00	7.092280e+05	2.885807e+04	2.885807e+04
4.600000e+00	4.800000e+00	5.389660e+05	2.515679e+04	2.515679e+04
4.800000e+00	5.000000e+00	3.323037e+05	1.975341e+04	1.975341e+04
5.000000e+00	5.200000e+00	1.984429e+05	1.526484e+04	1.526484e+04
5.200000e+00	5.400000e+00	1.315124e+05	1.242676e+04	1.242676e+04
5.400000e+00	5.600000e+00	5.401405e+04	7.963936e+03	7.963936e+03
5.600000e+00	5.800000e+00	3.874920e+04	6.745371e+03	6.745371e+03
5.800000e+00	6.000000e+00	1.056796e+04	3.522655e+03	3.522655e+03
6.000000e+00	6.200000e+00	4.696873e+03	2.348437e+03	2.348437e+03
6.200000e+00	6.400000e+00	1.174218e+03	1.174218e+03	1.174218e+03
6.400000e+00	6.600000e+00	0.000000e+00	0.000000e+00	0.000000e+00
6.600000e+00	6.800000e+00	0.000000e+00	0.000000e+00	0.000000e+00
6.800000e+00	7.000000e+00	0.000000e+00	0.000000e+00	0.000000e+00
7.000000e+00	7.200000e+00	0.000000e+00	0.000000e+00	0.000000e+00
7.200000e+00	7.400000e+00	0.000000e+00	0.000000e+00	0.000000e+00
7.400000e+00	7.600000e+00	0.000000e+00	0.000000e+00	0.000000e+00
7.600000e+00	7.800000e+00	0.000000e+00	0.000000e+00	0.000000e+00
7.800000e+00	8.000000e+00	0.000000e+00	0.000000e+00	0.000000e+00
8.000000e+00	8.200000e+00	0.000000e+00	0.000000e+00	0.000000e+00
8.200000e+00	8.400000e+00	0.000000e+00	0.000000e+00	0.000000e+00
8.400000e+00	8.600000e+00	0.000000e+00	0.000000e+00	0.000000e+00
8.600000e+00	8.800000e+00	0.000000e+00	0.000000e+00	0.000000e+00
8.800000e+00	9.000000e+00	0.000000e+00	0.000000e+00	0.000000e+00
9.000000e+00	9.200000e+00	0.000000e+00	0.000000e+00	0.000000e+00
9.200000e+00	9.400000e+00	0.000000e+00	0.000000e+00	0.000000e+00
9.400000e+00	9.600000e+00	0.000000e+00	0.000000e+00	0.000000e+00
9.600000e+00	9.800000e+00	0.000000e+00	0.000000e+00	0.000000e+00
9.800000e+00	1.000000e+01	0.000000e+00	0.000000e+00	0.000000e+00
# END HISTO1D

