# BEGIN PLOT
LegendOnly=//mt/home/fpauwels/Desktop/Project_Repo/B_c/Comparison/LHC.yoda/MC_BC/h_rap
DrawOnly=//mt/home/fpauwels/Desktop/Project_Repo/B_c/Comparison/LHC.yoda/MC_BC/h_rap
Legend=1
LogY=1
# END PLOT

# BEGIN HISTO1D //mt/home/fpauwels/Desktop/Project_Repo/B_c/Comparison/LHC.yoda/MC_BC/h_rap
LineColor=red
LineStyle=solid
Path=//mt/home/fpauwels/Desktop/Project_Repo/B_c/Comparison/LHC.yoda/MC_BC/h_rap
ScaledBy=2.29383292199429561e+04
Title=LHC
# xlow	 xhigh	 val	 errminus	 errplus
-1.000000e+01	-9.800000e+00	0.000000e+00	0.000000e+00	0.000000e+00
-9.800000e+00	-9.600000e+00	0.000000e+00	0.000000e+00	0.000000e+00
-9.600000e+00	-9.400000e+00	0.000000e+00	0.000000e+00	0.000000e+00
-9.400000e+00	-9.200000e+00	0.000000e+00	0.000000e+00	0.000000e+00
-9.200000e+00	-9.000000e+00	0.000000e+00	0.000000e+00	0.000000e+00
-9.000000e+00	-8.800000e+00	0.000000e+00	0.000000e+00	0.000000e+00
-8.800000e+00	-8.600000e+00	0.000000e+00	0.000000e+00	0.000000e+00
-8.600000e+00	-8.400000e+00	0.000000e+00	0.000000e+00	0.000000e+00
-8.400000e+00	-8.200000e+00	0.000000e+00	0.000000e+00	0.000000e+00
-8.200000e+00	-8.000000e+00	0.000000e+00	0.000000e+00	0.000000e+00
-8.000000e+00	-7.800000e+00	0.000000e+00	0.000000e+00	0.000000e+00
-7.800000e+00	-7.600000e+00	0.000000e+00	0.000000e+00	0.000000e+00
-7.600000e+00	-7.400000e+00	0.000000e+00	0.000000e+00	0.000000e+00
-7.400000e+00	-7.200000e+00	0.000000e+00	0.000000e+00	0.000000e+00
-7.200000e+00	-7.000000e+00	0.000000e+00	0.000000e+00	0.000000e+00
-7.000000e+00	-6.800000e+00	0.000000e+00	0.000000e+00	0.000000e+00
-6.800000e+00	-6.600000e+00	0.000000e+00	0.000000e+00	0.000000e+00
-6.600000e+00	-6.400000e+00	0.000000e+00	0.000000e+00	0.000000e+00
-6.400000e+00	-6.200000e+00	0.000000e+00	0.000000e+00	0.000000e+00
-6.200000e+00	-6.000000e+00	5.734580e+05	2.564583e+05	2.564583e+05
-6.000000e+00	-5.800000e+00	5.734580e+05	2.564583e+05	2.564583e+05
-5.800000e+00	-5.600000e+00	9.175330e+05	3.243970e+05	3.243970e+05
-5.600000e+00	-5.400000e+00	1.032225e+06	3.440750e+05	3.440750e+05
-5.400000e+00	-5.200000e+00	1.605683e+06	4.291368e+05	4.291368e+05
-5.200000e+00	-5.000000e+00	2.408524e+06	5.255832e+05	5.255832e+05
-5.000000e+00	-4.800000e+00	3.555441e+06	6.385762e+05	6.385762e+05
-4.800000e+00	-4.600000e+00	4.587666e+06	7.253737e+05	7.253737e+05
-4.600000e+00	-4.400000e+00	6.193350e+06	8.428081e+05	8.428081e+05
-4.400000e+00	-4.200000e+00	8.716565e+06	9.998586e+05	9.998586e+05
-4.200000e+00	-4.000000e+00	1.089570e+07	1.117876e+06	1.117876e+06
-4.000000e+00	-3.800000e+00	1.433645e+07	1.282292e+06	1.282292e+06
-3.800000e+00	-3.600000e+00	1.490992e+07	1.307686e+06	1.307686e+06
-3.600000e+00	-3.400000e+00	2.030042e+07	1.525873e+06	1.525873e+06
-3.400000e+00	-3.200000e+00	1.949758e+07	1.495396e+06	1.495396e+06
-3.200000e+00	-3.000000e+00	2.202079e+07	1.589214e+06	1.589214e+06
-3.000000e+00	-2.800000e+00	2.270894e+07	1.613855e+06	1.613855e+06
-2.800000e+00	-2.600000e+00	2.809946e+07	1.795208e+06	1.795208e+06
-2.600000e+00	-2.400000e+00	2.959044e+07	1.842221e+06	1.842221e+06
-2.400000e+00	-2.200000e+00	3.073736e+07	1.877583e+06	1.877583e+06
-2.200000e+00	-2.000000e+00	3.865108e+07	2.105459e+06	2.105459e+06
-2.000000e+00	-1.800000e+00	3.807763e+07	2.089781e+06	2.089781e+06
-1.800000e+00	-1.600000e+00	4.128900e+07	2.176121e+06	2.176121e+06
-1.600000e+00	-1.400000e+00	4.576196e+07	2.290964e+06	2.290964e+06
-1.400000e+00	-1.200000e+00	4.060085e+07	2.157910e+06	2.157910e+06
-1.200000e+00	-1.000000e+00	4.839988e+07	2.356069e+06	2.356069e+06
-1.000000e+00	-8.000000e-01	5.126715e+07	2.424854e+06	2.424854e+06
-8.000000e-01	-6.000000e-01	4.966148e+07	2.386579e+06	2.386579e+06
-6.000000e-01	-4.000000e-01	5.012025e+07	2.397577e+06	2.397577e+06
-4.000000e-01	-2.000000e-01	5.138185e+07	2.427565e+06	2.427565e+06
-2.000000e-01	0.000000e+00	4.908802e+07	2.372759e+06	2.372759e+06
0.000000e+00	2.000000e-01	5.459320e+07	2.502276e+06	2.502276e+06
2.000000e-01	4.000000e-01	5.872210e+07	2.595176e+06	2.595176e+06
4.000000e-01	6.000000e-01	5.229940e+07	2.449143e+06	2.449143e+06
6.000000e-01	8.000000e-01	5.057900e+07	2.408524e+06	2.408524e+06
8.000000e-01	1.000000e+00	4.748234e+07	2.333630e+06	2.333630e+06
1.000000e+00	1.200000e+00	5.034965e+07	2.403057e+06	2.403057e+06
1.200000e+00	1.400000e+00	4.771173e+07	2.339260e+06	2.339260e+06
1.400000e+00	1.600000e+00	3.991269e+07	2.139545e+06	2.139545e+06
1.600000e+00	1.800000e+00	4.094492e+07	2.167035e+06	2.167035e+06
1.800000e+00	2.000000e+00	3.784825e+07	2.083477e+06	2.083477e+06
2.000000e+00	2.200000e+00	3.945392e+07	2.127213e+06	2.127213e+06
2.200000e+00	2.400000e+00	3.612787e+07	2.035575e+06	2.035575e+06
2.400000e+00	2.600000e+00	3.188428e+07	1.912292e+06	1.912292e+06
2.600000e+00	2.800000e+00	2.970514e+07	1.845787e+06	1.845787e+06
2.800000e+00	3.000000e+00	2.523216e+07	1.701152e+06	1.701152e+06
3.000000e+00	3.200000e+00	2.454401e+07	1.677794e+06	1.677794e+06
3.200000e+00	3.400000e+00	2.110327e+07	1.555753e+06	1.555753e+06
3.400000e+00	3.600000e+00	1.995634e+07	1.512887e+06	1.512887e+06
3.600000e+00	3.800000e+00	1.731844e+07	1.409355e+06	1.409355e+06
3.800000e+00	4.000000e+00	1.364830e+07	1.251138e+06	1.251138e+06
4.000000e+00	4.200000e+00	9.863480e+06	1.063607e+06	1.063607e+06
4.200000e+00	4.400000e+00	8.257800e+06	9.731909e+05	9.731909e+05
4.400000e+00	4.600000e+00	6.766805e+06	8.809633e+05	8.809633e+05
4.600000e+00	4.800000e+00	5.849275e+06	8.190621e+05	8.190621e+05
4.800000e+00	5.000000e+00	3.440749e+06	6.281920e+05	6.281920e+05
5.000000e+00	5.200000e+00	2.981983e+06	5.848149e+05	5.848149e+05
5.200000e+00	5.400000e+00	2.293833e+06	5.129167e+05	5.129167e+05
5.400000e+00	5.600000e+00	8.028415e+05	3.034456e+05	3.034456e+05
5.600000e+00	5.800000e+00	2.293833e+05	1.621985e+05	1.621985e+05
5.800000e+00	6.000000e+00	4.587666e+05	2.293833e+05	2.293833e+05
6.000000e+00	6.200000e+00	1.146916e+05	1.146916e+05	1.146916e+05
6.200000e+00	6.400000e+00	0.000000e+00	0.000000e+00	0.000000e+00
6.400000e+00	6.600000e+00	0.000000e+00	0.000000e+00	0.000000e+00
6.600000e+00	6.800000e+00	0.000000e+00	0.000000e+00	0.000000e+00
6.800000e+00	7.000000e+00	0.000000e+00	0.000000e+00	0.000000e+00
7.000000e+00	7.200000e+00	0.000000e+00	0.000000e+00	0.000000e+00
7.200000e+00	7.400000e+00	0.000000e+00	0.000000e+00	0.000000e+00
7.400000e+00	7.600000e+00	0.000000e+00	0.000000e+00	0.000000e+00
7.600000e+00	7.800000e+00	0.000000e+00	0.000000e+00	0.000000e+00
7.800000e+00	8.000000e+00	0.000000e+00	0.000000e+00	0.000000e+00
8.000000e+00	8.200000e+00	0.000000e+00	0.000000e+00	0.000000e+00
8.200000e+00	8.400000e+00	0.000000e+00	0.000000e+00	0.000000e+00
8.400000e+00	8.600000e+00	0.000000e+00	0.000000e+00	0.000000e+00
8.600000e+00	8.800000e+00	0.000000e+00	0.000000e+00	0.000000e+00
8.800000e+00	9.000000e+00	0.000000e+00	0.000000e+00	0.000000e+00
9.000000e+00	9.200000e+00	0.000000e+00	0.000000e+00	0.000000e+00
9.200000e+00	9.400000e+00	0.000000e+00	0.000000e+00	0.000000e+00
9.400000e+00	9.600000e+00	0.000000e+00	0.000000e+00	0.000000e+00
9.600000e+00	9.800000e+00	0.000000e+00	0.000000e+00	0.000000e+00
9.800000e+00	1.000000e+01	0.000000e+00	0.000000e+00	0.000000e+00
# END HISTO1D

