# BEGIN PLOT
LegendOnly=//mt/home/fpauwels/Desktop/Project_Repo/LHC.yoda/MC_BC/h_rap
DrawOnly=//mt/home/fpauwels/Desktop/Project_Repo/LHC.yoda/MC_BC/h_rap
Legend=1
LogY=1
# END PLOT

# BEGIN HISTO1D //mt/home/fpauwels/Desktop/Project_Repo/LHC.yoda/MC_BC/h_rap
LineColor=red
LineStyle=solid
Path=//mt/home/fpauwels/Desktop/Project_Repo/LHC.yoda/MC_BC/h_rap
ScaledBy=2.35212922213496524e+05
Title=LHC
# xlow	 xhigh	 val	 errminus	 errplus
-1.000000e+01	-9.800000e+00	0.000000e+00	0.000000e+00	0.000000e+00
-9.800000e+00	-9.600000e+00	0.000000e+00	0.000000e+00	0.000000e+00
-9.600000e+00	-9.400000e+00	0.000000e+00	0.000000e+00	0.000000e+00
-9.400000e+00	-9.200000e+00	0.000000e+00	0.000000e+00	0.000000e+00
-9.200000e+00	-9.000000e+00	0.000000e+00	0.000000e+00	0.000000e+00
-9.000000e+00	-8.800000e+00	0.000000e+00	0.000000e+00	0.000000e+00
-8.800000e+00	-8.600000e+00	0.000000e+00	0.000000e+00	0.000000e+00
-8.600000e+00	-8.400000e+00	0.000000e+00	0.000000e+00	0.000000e+00
-8.400000e+00	-8.200000e+00	0.000000e+00	0.000000e+00	0.000000e+00
-8.200000e+00	-8.000000e+00	0.000000e+00	0.000000e+00	0.000000e+00
-8.000000e+00	-7.800000e+00	0.000000e+00	0.000000e+00	0.000000e+00
-7.800000e+00	-7.600000e+00	0.000000e+00	0.000000e+00	0.000000e+00
-7.600000e+00	-7.400000e+00	0.000000e+00	0.000000e+00	0.000000e+00
-7.400000e+00	-7.200000e+00	0.000000e+00	0.000000e+00	0.000000e+00
-7.200000e+00	-7.000000e+00	0.000000e+00	0.000000e+00	0.000000e+00
-7.000000e+00	-6.800000e+00	0.000000e+00	0.000000e+00	0.000000e+00
-6.800000e+00	-6.600000e+00	0.000000e+00	0.000000e+00	0.000000e+00
-6.600000e+00	-6.400000e+00	0.000000e+00	0.000000e+00	0.000000e+00
-6.400000e+00	-6.200000e+00	0.000000e+00	0.000000e+00	0.000000e+00
-6.200000e+00	-6.000000e+00	0.000000e+00	0.000000e+00	0.000000e+00
-6.000000e+00	-5.800000e+00	0.000000e+00	0.000000e+00	0.000000e+00
-5.800000e+00	-5.600000e+00	0.000000e+00	0.000000e+00	0.000000e+00
-5.600000e+00	-5.400000e+00	0.000000e+00	0.000000e+00	0.000000e+00
-5.400000e+00	-5.200000e+00	2.352129e+06	1.663206e+06	1.663206e+06
-5.200000e+00	-5.000000e+00	0.000000e+00	0.000000e+00	0.000000e+00
-5.000000e+00	-4.800000e+00	1.176064e+06	1.176065e+06	1.176065e+06
-4.800000e+00	-4.600000e+00	0.000000e+00	0.000000e+00	0.000000e+00
-4.600000e+00	-4.400000e+00	0.000000e+00	0.000000e+00	0.000000e+00
-4.400000e+00	-4.200000e+00	1.176064e+06	1.176065e+06	1.176065e+06
-4.200000e+00	-4.000000e+00	0.000000e+00	0.000000e+00	0.000000e+00
-4.000000e+00	-3.800000e+00	1.176064e+06	1.176065e+06	1.176065e+06
-3.800000e+00	-3.600000e+00	0.000000e+00	0.000000e+00	0.000000e+00
-3.600000e+00	-3.400000e+00	1.176064e+06	1.176065e+06	1.176065e+06
-3.400000e+00	-3.200000e+00	3.528194e+06	2.037004e+06	2.037004e+06
-3.200000e+00	-3.000000e+00	3.528194e+06	2.037004e+06	2.037004e+06
-3.000000e+00	-2.800000e+00	1.176064e+06	1.176065e+06	1.176065e+06
-2.800000e+00	-2.600000e+00	7.056390e+06	2.880758e+06	2.880758e+06
-2.600000e+00	-2.400000e+00	8.232450e+06	3.111574e+06	3.111574e+06
-2.400000e+00	-2.200000e+00	5.880325e+06	2.629760e+06	2.629760e+06
-2.200000e+00	-2.000000e+00	3.528194e+06	2.037004e+06	2.037004e+06
-2.000000e+00	-1.800000e+00	4.704259e+06	2.352129e+06	2.352129e+06
-1.800000e+00	-1.600000e+00	0.000000e+00	0.000000e+00	0.000000e+00
-1.600000e+00	-1.400000e+00	5.880325e+06	2.629760e+06	2.629760e+06
-1.400000e+00	-1.200000e+00	5.880325e+06	2.629760e+06	2.629760e+06
-1.200000e+00	-1.000000e+00	1.176065e+07	3.719043e+06	3.719043e+06
-1.000000e+00	-8.000000e-01	1.058458e+07	3.528194e+06	3.528194e+06
-8.000000e-01	-6.000000e-01	1.293671e+07	3.900565e+06	3.900565e+06
-6.000000e-01	-4.000000e-01	5.880325e+06	2.629760e+06	2.629760e+06
-4.000000e-01	-2.000000e-01	1.058458e+07	3.528194e+06	3.528194e+06
-2.000000e-01	0.000000e+00	7.056390e+06	2.880758e+06	2.880758e+06
0.000000e+00	2.000000e-01	5.880325e+06	2.629760e+06	2.629760e+06
2.000000e-01	4.000000e-01	9.408515e+06	3.326413e+06	3.326413e+06
4.000000e-01	6.000000e-01	2.234523e+07	5.126346e+06	5.126346e+06
6.000000e-01	8.000000e-01	1.058458e+07	3.528194e+06	3.528194e+06
8.000000e-01	1.000000e+00	1.293671e+07	3.900565e+06	3.900565e+06
1.000000e+00	1.200000e+00	4.704259e+06	2.352129e+06	2.352129e+06
1.200000e+00	1.400000e+00	9.408515e+06	3.326413e+06	3.326413e+06
1.400000e+00	1.600000e+00	5.880325e+06	2.629760e+06	2.629760e+06
1.600000e+00	1.800000e+00	1.411278e+07	4.074007e+06	4.074007e+06
1.800000e+00	2.000000e+00	1.176065e+07	3.719043e+06	3.719043e+06
2.000000e+00	2.200000e+00	3.528194e+06	2.037004e+06	2.037004e+06
2.200000e+00	2.400000e+00	4.704259e+06	2.352129e+06	2.352129e+06
2.400000e+00	2.600000e+00	4.704258e+06	2.352129e+06	2.352129e+06
2.600000e+00	2.800000e+00	8.232450e+06	3.111574e+06	3.111574e+06
2.800000e+00	3.000000e+00	3.528194e+06	2.037004e+06	2.037004e+06
3.000000e+00	3.200000e+00	5.880325e+06	2.629760e+06	2.629760e+06
3.200000e+00	3.400000e+00	2.352129e+06	1.663206e+06	1.663206e+06
3.400000e+00	3.600000e+00	1.176064e+06	1.176065e+06	1.176065e+06
3.600000e+00	3.800000e+00	1.176065e+06	1.176065e+06	1.176065e+06
3.800000e+00	4.000000e+00	1.176064e+06	1.176065e+06	1.176065e+06
4.000000e+00	4.200000e+00	0.000000e+00	0.000000e+00	0.000000e+00
4.200000e+00	4.400000e+00	0.000000e+00	0.000000e+00	0.000000e+00
4.400000e+00	4.600000e+00	0.000000e+00	0.000000e+00	0.000000e+00
4.600000e+00	4.800000e+00	0.000000e+00	0.000000e+00	0.000000e+00
4.800000e+00	5.000000e+00	0.000000e+00	0.000000e+00	0.000000e+00
5.000000e+00	5.200000e+00	0.000000e+00	0.000000e+00	0.000000e+00
5.200000e+00	5.400000e+00	0.000000e+00	0.000000e+00	0.000000e+00
5.400000e+00	5.600000e+00	0.000000e+00	0.000000e+00	0.000000e+00
5.600000e+00	5.800000e+00	0.000000e+00	0.000000e+00	0.000000e+00
5.800000e+00	6.000000e+00	0.000000e+00	0.000000e+00	0.000000e+00
6.000000e+00	6.200000e+00	0.000000e+00	0.000000e+00	0.000000e+00
6.200000e+00	6.400000e+00	0.000000e+00	0.000000e+00	0.000000e+00
6.400000e+00	6.600000e+00	0.000000e+00	0.000000e+00	0.000000e+00
6.600000e+00	6.800000e+00	0.000000e+00	0.000000e+00	0.000000e+00
6.800000e+00	7.000000e+00	0.000000e+00	0.000000e+00	0.000000e+00
7.000000e+00	7.200000e+00	0.000000e+00	0.000000e+00	0.000000e+00
7.200000e+00	7.400000e+00	0.000000e+00	0.000000e+00	0.000000e+00
7.400000e+00	7.600000e+00	0.000000e+00	0.000000e+00	0.000000e+00
7.600000e+00	7.800000e+00	0.000000e+00	0.000000e+00	0.000000e+00
7.800000e+00	8.000000e+00	0.000000e+00	0.000000e+00	0.000000e+00
8.000000e+00	8.200000e+00	0.000000e+00	0.000000e+00	0.000000e+00
8.200000e+00	8.400000e+00	0.000000e+00	0.000000e+00	0.000000e+00
8.400000e+00	8.600000e+00	0.000000e+00	0.000000e+00	0.000000e+00
8.600000e+00	8.800000e+00	0.000000e+00	0.000000e+00	0.000000e+00
8.800000e+00	9.000000e+00	0.000000e+00	0.000000e+00	0.000000e+00
9.000000e+00	9.200000e+00	0.000000e+00	0.000000e+00	0.000000e+00
9.200000e+00	9.400000e+00	0.000000e+00	0.000000e+00	0.000000e+00
9.400000e+00	9.600000e+00	0.000000e+00	0.000000e+00	0.000000e+00
9.600000e+00	9.800000e+00	0.000000e+00	0.000000e+00	0.000000e+00
9.800000e+00	1.000000e+01	0.000000e+00	0.000000e+00	0.000000e+00
# END HISTO1D

