# BEGIN PLOT
LegendOnly=//mt/home/fpauwels/Desktop/Project_Repo/Final-runs/1p1/LHC1p1.yoda/MC_BC/h_pT_Bc
DrawOnly=//mt/home/fpauwels/Desktop/Project_Repo/Final-runs/1p1/LHC1p1.yoda/MC_BC/h_pT_Bc
LogY=0
XLabel=$p_\perp$[GeV]
YLabel=d$\sigma[pb] $
Legend=1
# END PLOT

# BEGIN HISTO1D //mt/home/fpauwels/Desktop/Project_Repo/Final-runs/1p1/LHC1p1.yoda/MC_BC/h_pT_Bc
LineColor=red
LineStyle=solid
Path=//mt/home/fpauwels/Desktop/Project_Repo/Final-runs/1p1/LHC1p1.yoda/MC_BC/h_pT_Bc
ScaledBy=2.78151410308219738e+03
Title=
# xlow	 xhigh	 val	 errminus	 errplus
0.000000e+00	3.000000e-01	0.000000e+00	0.000000e+00	0.000000e+00
3.000000e-01	6.000000e-01	1.668909e+05	3.933655e+04	3.933655e+04
6.000000e-01	9.000000e-01	1.668908e+05	3.933655e+04	3.933655e+04
9.000000e-01	1.200000e+00	2.503363e+05	4.817724e+04	4.817724e+04
1.200000e+00	1.500000e+00	2.966948e+05	5.244874e+04	5.244874e+04
1.500000e+00	1.800000e+00	3.059665e+05	5.326194e+04	5.326194e+04
1.800000e+00	2.100000e+00	3.245100e+05	5.485220e+04	5.485220e+04
2.100000e+00	2.400000e+00	3.801403e+05	5.936793e+04	5.936793e+04
2.400000e+00	2.700000e+00	3.430533e+05	5.639764e+04	5.639764e+04
2.700000e+00	3.000000e+00	3.801403e+05	5.936794e+04	5.936794e+04
3.000000e+00	3.300000e+00	4.172270e+05	6.219654e+04	6.219654e+04
3.300000e+00	3.600000e+00	3.894120e+05	6.008757e+04	6.008757e+04
3.600000e+00	3.900000e+00	5.841180e+05	7.359195e+04	7.359195e+04
3.900000e+00	4.200000e+00	4.914007e+05	6.749909e+04	6.749909e+04
4.200000e+00	4.500000e+00	6.026613e+05	7.475094e+04	7.475094e+04
4.500000e+00	4.800000e+00	4.728573e+05	6.621328e+04	6.621328e+04
4.800000e+00	5.100000e+00	4.079553e+05	6.150159e+04	6.150159e+04
5.100000e+00	5.400000e+00	3.245100e+05	5.485220e+04	5.485220e+04
5.400000e+00	5.700000e+00	3.059666e+05	5.326194e+04	5.326194e+04
5.700000e+00	6.000000e+00	2.874231e+05	5.162272e+04	5.162272e+04
6.000000e+00	6.300000e+00	3.894120e+05	6.008757e+04	6.008757e+04
6.300000e+00	6.600000e+00	2.874231e+05	5.162271e+04	5.162271e+04
6.600000e+00	6.900000e+00	2.596080e+05	4.906130e+04	4.906130e+04
6.900000e+00	7.200000e+00	2.874231e+05	5.162271e+04	5.162271e+04
7.200000e+00	7.500000e+00	1.761626e+05	4.041446e+04	4.041446e+04
7.500000e+00	7.800000e+00	1.761626e+05	4.041446e+04	4.041446e+04
7.800000e+00	8.100000e+00	2.503363e+05	4.817724e+04	4.817724e+04
8.100000e+00	8.400000e+00	1.390757e+05	3.590919e+04	3.590919e+04
8.400000e+00	8.700000e+00	8.344540e+04	2.781514e+04	2.781514e+04
8.700000e+00	9.000000e+00	1.854343e+05	4.146436e+04	4.146436e+04
9.000000e+00	9.300000e+00	1.483474e+05	3.708685e+04	3.708685e+04
9.300000e+00	9.600000e+00	1.298040e+05	3.469158e+04	3.469158e+04
9.600000e+00	9.900000e+00	1.483474e+05	3.708685e+04	3.708685e+04
9.900000e+00	1.020000e+01	1.205323e+05	3.342964e+04	3.342964e+04
1.020000e+01	1.050000e+01	5.563027e+04	2.271097e+04	2.271097e+04
1.050000e+01	1.080000e+01	6.490200e+04	2.453065e+04	2.453065e+04
1.080000e+01	1.110000e+01	8.344543e+04	2.781514e+04	2.781514e+04
1.110000e+01	1.140000e+01	5.563027e+04	2.271097e+04	2.271097e+04
1.140000e+01	1.170000e+01	7.417370e+04	2.622437e+04	2.622437e+04
1.170000e+01	1.200000e+01	4.635857e+04	2.073218e+04	2.073218e+04
1.200000e+01	1.230000e+01	2.781514e+04	1.605908e+04	1.605908e+04
1.230000e+01	1.260000e+01	3.708683e+04	1.854343e+04	1.854343e+04
1.260000e+01	1.290000e+01	8.344540e+04	2.781514e+04	2.781514e+04
1.290000e+01	1.320000e+01	9.271710e+03	9.271713e+03	9.271713e+03
1.320000e+01	1.350000e+01	5.563027e+04	2.271097e+04	2.271097e+04
1.350000e+01	1.380000e+01	1.854343e+04	1.311218e+04	1.311218e+04
1.380000e+01	1.410000e+01	1.854343e+04	1.311218e+04	1.311218e+04
1.410000e+01	1.440000e+01	1.854343e+04	1.311218e+04	1.311218e+04
1.440000e+01	1.470000e+01	1.854343e+04	1.311218e+04	1.311218e+04
1.470000e+01	1.500000e+01	3.708687e+04	1.854343e+04	1.854343e+04
1.500000e+01	1.530000e+01	1.854342e+04	1.311218e+04	1.311218e+04
1.530000e+01	1.560000e+01	9.271713e+03	9.271714e+03	9.271714e+03
1.560000e+01	1.590000e+01	9.271713e+03	9.271714e+03	9.271714e+03
1.590000e+01	1.620000e+01	1.854343e+04	1.311218e+04	1.311218e+04
1.620000e+01	1.650000e+01	9.271713e+03	9.271714e+03	9.271714e+03
1.650000e+01	1.680000e+01	0.000000e+00	0.000000e+00	0.000000e+00
1.680000e+01	1.710000e+01	0.000000e+00	0.000000e+00	0.000000e+00
1.710000e+01	1.740000e+01	0.000000e+00	0.000000e+00	0.000000e+00
1.740000e+01	1.770000e+01	0.000000e+00	0.000000e+00	0.000000e+00
1.770000e+01	1.800000e+01	0.000000e+00	0.000000e+00	0.000000e+00
1.800000e+01	1.830000e+01	0.000000e+00	0.000000e+00	0.000000e+00
1.830000e+01	1.860000e+01	0.000000e+00	0.000000e+00	0.000000e+00
1.860000e+01	1.890000e+01	9.271717e+03	9.271714e+03	9.271714e+03
1.890000e+01	1.920000e+01	0.000000e+00	0.000000e+00	0.000000e+00
1.920000e+01	1.950000e+01	0.000000e+00	0.000000e+00	0.000000e+00
1.950000e+01	1.980000e+01	9.271713e+03	9.271714e+03	9.271714e+03
1.980000e+01	2.010000e+01	9.271713e+03	9.271714e+03	9.271714e+03
2.010000e+01	2.040000e+01	1.854343e+04	1.311218e+04	1.311218e+04
2.040000e+01	2.070000e+01	9.271713e+03	9.271714e+03	9.271714e+03
2.070000e+01	2.100000e+01	0.000000e+00	0.000000e+00	0.000000e+00
2.100000e+01	2.130000e+01	0.000000e+00	0.000000e+00	0.000000e+00
2.130000e+01	2.160000e+01	0.000000e+00	0.000000e+00	0.000000e+00
2.160000e+01	2.190000e+01	0.000000e+00	0.000000e+00	0.000000e+00
2.190000e+01	2.220000e+01	9.271710e+03	9.271714e+03	9.271714e+03
2.220000e+01	2.250000e+01	0.000000e+00	0.000000e+00	0.000000e+00
2.250000e+01	2.280000e+01	0.000000e+00	0.000000e+00	0.000000e+00
2.280000e+01	2.310000e+01	1.854343e+04	1.311218e+04	1.311218e+04
2.310000e+01	2.340000e+01	0.000000e+00	0.000000e+00	0.000000e+00
2.340000e+01	2.370000e+01	0.000000e+00	0.000000e+00	0.000000e+00
2.370000e+01	2.400000e+01	9.271713e+03	9.271714e+03	9.271714e+03
2.400000e+01	2.430000e+01	0.000000e+00	0.000000e+00	0.000000e+00
2.430000e+01	2.460000e+01	0.000000e+00	0.000000e+00	0.000000e+00
2.460000e+01	2.490000e+01	0.000000e+00	0.000000e+00	0.000000e+00
2.490000e+01	2.520000e+01	9.271713e+03	9.271713e+03	9.271713e+03
2.520000e+01	2.550000e+01	0.000000e+00	0.000000e+00	0.000000e+00
2.550000e+01	2.580000e+01	0.000000e+00	0.000000e+00	0.000000e+00
2.580000e+01	2.610000e+01	9.271717e+03	9.271715e+03	9.271715e+03
2.610000e+01	2.640000e+01	0.000000e+00	0.000000e+00	0.000000e+00
2.640000e+01	2.670000e+01	0.000000e+00	0.000000e+00	0.000000e+00
2.670000e+01	2.700000e+01	0.000000e+00	0.000000e+00	0.000000e+00
2.700000e+01	2.730000e+01	0.000000e+00	0.000000e+00	0.000000e+00
2.730000e+01	2.760000e+01	0.000000e+00	0.000000e+00	0.000000e+00
2.760000e+01	2.790000e+01	0.000000e+00	0.000000e+00	0.000000e+00
2.790000e+01	2.820000e+01	0.000000e+00	0.000000e+00	0.000000e+00
2.820000e+01	2.850000e+01	0.000000e+00	0.000000e+00	0.000000e+00
2.850000e+01	2.880000e+01	0.000000e+00	0.000000e+00	0.000000e+00
2.880000e+01	2.910000e+01	0.000000e+00	0.000000e+00	0.000000e+00
2.910000e+01	2.940000e+01	0.000000e+00	0.000000e+00	0.000000e+00
2.940000e+01	2.970000e+01	0.000000e+00	0.000000e+00	0.000000e+00
2.970000e+01	3.000000e+01	0.000000e+00	0.000000e+00	0.000000e+00
# END HISTO1D

