# BEGIN PLOT
LegendOnly=//mt/home/fpauwels/Desktop/Project_Repo/B_c/Comparison/LHC.yoda/MC_BC_comparison/h_eta_ratio
DrawOnly=//mt/home/fpauwels/Desktop/Project_Repo/B_c/Comparison/LHC.yoda/MC_BC_comparison/h_eta_ratio
Title=Production Cross section ratio $\frac{f_{c}}{f_{u}+f_{d}}$ against pseudorapidity
LogY=1
XLabel=$\eta$
YLabel=$\frac{f_{c}}{f_{u}+f_{d}}$
Legend=1
# END PLOT

# BEGIN HISTO1D //mt/home/fpauwels/Desktop/Project_Repo/B_c/Comparison/LHC.yoda/MC_BC_comparison/h_eta_ratio
LineColor=red
LineStyle=solid
Path=//mt/home/fpauwels/Desktop/Project_Repo/B_c/Comparison/LHC.yoda/MC_BC_comparison/h_eta_ratio
Title=LHC
# xlow	 xhigh	 val	 errminus	 errplus
2.000000e+00	2.030000e+00	nan	nan	nan
2.030000e+00	2.060000e+00	nan	nan	nan
2.060000e+00	2.090000e+00	nan	nan	nan
2.090000e+00	2.120000e+00	nan	nan	nan
2.120000e+00	2.150000e+00	nan	nan	nan
2.150000e+00	2.180000e+00	nan	nan	nan
2.180000e+00	2.210000e+00	nan	nan	nan
2.210000e+00	2.240000e+00	nan	nan	nan
2.240000e+00	2.270000e+00	nan	nan	nan
2.270000e+00	2.300000e+00	nan	nan	nan
2.300000e+00	2.330000e+00	nan	nan	nan
2.330000e+00	2.360000e+00	nan	nan	nan
2.360000e+00	2.390000e+00	nan	nan	nan
2.390000e+00	2.420000e+00	nan	nan	nan
2.420000e+00	2.450000e+00	nan	nan	nan
2.450000e+00	2.480000e+00	nan	nan	nan
2.480000e+00	2.510000e+00	0.000000e+00	0.000000e+00	0.000000e+00
2.510000e+00	2.540000e+00	8.019246e-04	8.022461e-04	8.022461e-04
2.540000e+00	2.570000e+00	0.000000e+00	0.000000e+00	0.000000e+00
2.570000e+00	2.600000e+00	7.849294e-04	7.852374e-04	7.852374e-04
2.600000e+00	2.630000e+00	0.000000e+00	0.000000e+00	0.000000e+00
2.630000e+00	2.660000e+00	7.610350e-04	7.613245e-04	7.613245e-04
2.660000e+00	2.690000e+00	8.291874e-04	8.295311e-04	8.295311e-04
2.690000e+00	2.720000e+00	0.000000e+00	0.000000e+00	0.000000e+00
2.720000e+00	2.750000e+00	7.782101e-04	7.785129e-04	7.785129e-04
2.750000e+00	2.780000e+00	0.000000e+00	0.000000e+00	0.000000e+00
2.780000e+00	2.810000e+00	0.000000e+00	0.000000e+00	0.000000e+00
2.810000e+00	2.840000e+00	8.810573e-04	8.814453e-04	8.814453e-04
2.840000e+00	2.870000e+00	0.000000e+00	0.000000e+00	0.000000e+00
2.870000e+00	2.900000e+00	0.000000e+00	0.000000e+00	0.000000e+00
2.900000e+00	2.930000e+00	0.000000e+00	0.000000e+00	0.000000e+00
2.930000e+00	2.960000e+00	9.242144e-04	9.246414e-04	9.246414e-04
2.960000e+00	2.990000e+00	0.000000e+00	0.000000e+00	0.000000e+00
2.990000e+00	3.020000e+00	0.000000e+00	0.000000e+00	0.000000e+00
3.020000e+00	3.050000e+00	0.000000e+00	0.000000e+00	0.000000e+00
3.050000e+00	3.080000e+00	0.000000e+00	0.000000e+00	0.000000e+00
3.080000e+00	3.110000e+00	0.000000e+00	0.000000e+00	0.000000e+00
3.110000e+00	3.140000e+00	0.000000e+00	0.000000e+00	0.000000e+00
3.140000e+00	3.170000e+00	0.000000e+00	0.000000e+00	0.000000e+00
3.170000e+00	3.200000e+00	9.900990e-04	9.905890e-04	9.905890e-04
3.200000e+00	3.230000e+00	0.000000e+00	0.000000e+00	0.000000e+00
3.230000e+00	3.260000e+00	0.000000e+00	0.000000e+00	0.000000e+00
3.260000e+00	3.290000e+00	1.025641e-03	1.026167e-03	1.026167e-03
3.290000e+00	3.320000e+00	0.000000e+00	0.000000e+00	0.000000e+00
3.320000e+00	3.350000e+00	0.000000e+00	0.000000e+00	0.000000e+00
3.350000e+00	3.380000e+00	0.000000e+00	0.000000e+00	0.000000e+00
3.380000e+00	3.410000e+00	0.000000e+00	0.000000e+00	0.000000e+00
3.410000e+00	3.440000e+00	1.101322e-03	1.101928e-03	1.101928e-03
3.440000e+00	3.470000e+00	1.166861e-03	1.167542e-03	1.167542e-03
3.470000e+00	3.500000e+00	0.000000e+00	0.000000e+00	0.000000e+00
3.500000e+00	3.530000e+00	0.000000e+00	0.000000e+00	0.000000e+00
3.530000e+00	3.560000e+00	0.000000e+00	0.000000e+00	0.000000e+00
3.560000e+00	3.590000e+00	0.000000e+00	0.000000e+00	0.000000e+00
3.590000e+00	3.620000e+00	0.000000e+00	0.000000e+00	0.000000e+00
3.620000e+00	3.650000e+00	0.000000e+00	0.000000e+00	0.000000e+00
3.650000e+00	3.680000e+00	0.000000e+00	0.000000e+00	0.000000e+00
3.680000e+00	3.710000e+00	0.000000e+00	0.000000e+00	0.000000e+00
3.710000e+00	3.740000e+00	1.360544e-03	1.361469e-03	1.361469e-03
3.740000e+00	3.770000e+00	1.383126e-03	1.384082e-03	1.384082e-03
3.770000e+00	3.800000e+00	0.000000e+00	0.000000e+00	0.000000e+00
3.800000e+00	3.830000e+00	2.673797e-03	1.893186e-03	1.893186e-03
3.830000e+00	3.860000e+00	0.000000e+00	0.000000e+00	0.000000e+00
3.860000e+00	3.890000e+00	0.000000e+00	0.000000e+00	0.000000e+00
3.890000e+00	3.920000e+00	0.000000e+00	0.000000e+00	0.000000e+00
3.920000e+00	3.950000e+00	1.628664e-03	1.629990e-03	1.629990e-03
3.950000e+00	3.980000e+00	0.000000e+00	0.000000e+00	0.000000e+00
3.980000e+00	4.010000e+00	0.000000e+00	0.000000e+00	0.000000e+00
4.010000e+00	4.040000e+00	0.000000e+00	0.000000e+00	0.000000e+00
4.040000e+00	4.070000e+00	0.000000e+00	0.000000e+00	0.000000e+00
4.070000e+00	4.100000e+00	0.000000e+00	0.000000e+00	0.000000e+00
4.100000e+00	4.130000e+00	0.000000e+00	0.000000e+00	0.000000e+00
4.130000e+00	4.160000e+00	0.000000e+00	0.000000e+00	0.000000e+00
4.160000e+00	4.190000e+00	0.000000e+00	0.000000e+00	0.000000e+00
4.190000e+00	4.220000e+00	0.000000e+00	0.000000e+00	0.000000e+00
4.220000e+00	4.250000e+00	0.000000e+00	0.000000e+00	0.000000e+00
4.250000e+00	4.280000e+00	0.000000e+00	0.000000e+00	0.000000e+00
4.280000e+00	4.310000e+00	0.000000e+00	0.000000e+00	0.000000e+00
4.310000e+00	4.340000e+00	0.000000e+00	0.000000e+00	0.000000e+00
4.340000e+00	4.370000e+00	1.869159e-03	1.870905e-03	1.870905e-03
4.370000e+00	4.400000e+00	1.945525e-03	1.947417e-03	1.947417e-03
4.400000e+00	4.430000e+00	0.000000e+00	0.000000e+00	0.000000e+00
4.430000e+00	4.460000e+00	0.000000e+00	0.000000e+00	0.000000e+00
4.460000e+00	4.490000e+00	0.000000e+00	0.000000e+00	0.000000e+00
4.490000e+00	4.520000e+00	0.000000e+00	0.000000e+00	0.000000e+00
4.520000e+00	4.550000e+00	nan	nan	nan
4.550000e+00	4.580000e+00	nan	nan	nan
4.580000e+00	4.610000e+00	nan	nan	nan
4.610000e+00	4.640000e+00	nan	nan	nan
4.640000e+00	4.670000e+00	nan	nan	nan
4.670000e+00	4.700000e+00	nan	nan	nan
4.700000e+00	4.730000e+00	nan	nan	nan
4.730000e+00	4.760000e+00	nan	nan	nan
4.760000e+00	4.790000e+00	nan	nan	nan
4.790000e+00	4.820000e+00	nan	nan	nan
4.820000e+00	4.850000e+00	nan	nan	nan
4.850000e+00	4.880000e+00	nan	nan	nan
4.880000e+00	4.910000e+00	nan	nan	nan
4.910000e+00	4.940000e+00	nan	nan	nan
4.940000e+00	4.970000e+00	nan	nan	nan
4.970000e+00	5.000000e+00	nan	nan	nan
# END HISTO1D

