# BEGIN PLOT
LegendOnly=//mt/home/fpauwels/Desktop/Project_Repo/B_c/Comparison/LHC.yoda/MC_BC_comparison/h_pT_B0
DrawOnly=//mt/home/fpauwels/Desktop/Project_Repo/B_c/Comparison/LHC.yoda/MC_BC_comparison/h_pT_B0
Legend=1
LogY=1
# END PLOT

# BEGIN HISTO1D //mt/home/fpauwels/Desktop/Project_Repo/B_c/Comparison/LHC.yoda/MC_BC_comparison/h_pT_B0
LineColor=red
LineStyle=solid
Path=//mt/home/fpauwels/Desktop/Project_Repo/B_c/Comparison/LHC.yoda/MC_BC_comparison/h_pT_B0
ScaledBy=3.47144448181360531e+02
Title=LHC
# xlow	 xhigh	 val	 errminus	 errplus
4.000000e+00	4.220000e+00	0.000000e+00	0.000000e+00	0.000000e+00
4.220000e+00	4.440000e+00	0.000000e+00	0.000000e+00	0.000000e+00
4.440000e+00	4.660000e+00	0.000000e+00	0.000000e+00	0.000000e+00
4.660000e+00	4.880000e+00	0.000000e+00	0.000000e+00	0.000000e+00
4.880000e+00	5.100000e+00	1.226051e+06	4.398434e+04	4.398434e+04
5.100000e+00	5.320000e+00	2.493128e+06	6.272144e+04	6.272144e+04
5.320000e+00	5.540000e+00	2.493128e+06	6.272144e+04	6.272144e+04
5.540000e+00	5.760000e+00	2.329024e+06	6.062207e+04	6.062207e+04
5.760000e+00	5.980000e+00	2.158607e+06	5.836206e+04	5.836206e+04
5.980000e+00	6.200000e+00	2.223302e+06	5.923019e+04	5.923019e+04
6.200000e+00	6.420000e+00	2.098646e+06	5.754576e+04	5.754576e+04
6.420000e+00	6.640000e+00	1.992925e+06	5.607757e+04	5.607757e+04
6.640000e+00	6.860000e+00	2.029217e+06	5.658587e+04	5.658587e+04
6.860000e+00	7.080000e+00	1.977145e+06	5.585513e+04	5.585513e+04
7.080000e+00	7.300000e+00	1.986613e+06	5.598871e+04	5.598871e+04
7.300000e+00	7.520000e+00	1.850911e+06	5.404264e+04	5.404264e+04
7.520000e+00	7.740000e+00	1.849333e+06	5.401961e+04	5.401961e+04
7.740000e+00	7.960000e+00	1.778326e+06	5.297237e+04	5.297237e+04
7.960000e+00	8.180000e+00	1.877736e+06	5.443284e+04	5.443284e+04
8.180000e+00	8.400000e+00	1.846177e+06	5.397348e+04	5.397348e+04
8.400000e+00	8.620000e+00	1.885625e+06	5.454708e+04	5.454708e+04
8.620000e+00	8.840000e+00	1.942431e+06	5.536261e+04	5.536261e+04
8.840000e+00	9.060000e+00	1.914028e+06	5.495635e+04	5.495635e+04
9.060000e+00	9.280000e+00	1.902983e+06	5.479756e+04	5.479756e+04
9.280000e+00	9.500000e+00	1.898249e+06	5.472935e+04	5.472935e+04
9.500000e+00	9.720000e+00	1.967678e+06	5.572125e+04	5.572125e+04
9.720000e+00	9.940000e+00	1.849333e+06	5.401961e+04	5.401961e+04
9.940000e+00	1.016000e+01	1.947165e+06	5.543002e+04	5.543002e+04
1.016000e+01	1.038000e+01	1.915606e+06	5.497902e+04	5.497902e+04
1.038000e+01	1.060000e+01	1.873002e+06	5.436419e+04	5.436419e+04
1.060000e+01	1.082000e+01	1.803573e+06	5.334708e+04	5.334708e+04
1.082000e+01	1.104000e+01	1.811463e+06	5.346363e+04	5.346363e+04
1.104000e+01	1.126000e+01	1.794105e+06	5.320687e+04	5.320687e+04
1.126000e+01	1.148000e+01	1.611066e+06	5.041973e+04	5.041973e+04
1.148000e+01	1.170000e+01	1.587397e+06	5.004797e+04	5.004797e+04
1.170000e+01	1.192000e+01	1.595286e+06	5.017220e+04	5.017220e+04
1.192000e+01	1.214000e+01	1.450117e+06	4.783494e+04	4.783494e+04
1.214000e+01	1.236000e+01	1.396467e+06	4.694174e+04	4.694174e+04
1.236000e+01	1.258000e+01	1.257610e+06	4.454682e+04	4.454682e+04
1.258000e+01	1.280000e+01	1.333350e+06	4.586864e+04	4.586864e+04
1.280000e+01	1.302000e+01	1.158200e+06	4.274995e+04	4.274995e+04
1.302000e+01	1.324000e+01	1.140843e+06	4.242840e+04	4.242840e+04
1.324000e+01	1.346000e+01	1.090349e+06	4.147884e+04	4.147884e+04
1.346000e+01	1.368000e+01	1.098239e+06	4.162863e+04	4.162863e+04
1.368000e+01	1.390000e+01	9.420236e+05	3.855447e+04	3.855447e+04
1.390000e+01	1.412000e+01	9.704264e+05	3.913137e+04	3.913137e+04
1.412000e+01	1.434000e+01	9.467577e+05	3.865122e+04	3.865122e+04
1.434000e+01	1.456000e+01	8.441923e+05	3.649761e+04	3.649761e+04
1.456000e+01	1.478000e+01	8.962636e+05	3.760639e+04	3.760639e+04
1.478000e+01	1.500000e+01	7.053345e+05	3.336117e+04	3.336117e+04
1.500000e+01	1.522000e+01	7.684514e+05	3.482186e+04	3.482186e+04
1.522000e+01	1.544000e+01	6.958668e+05	3.313652e+04	3.313652e+04
1.544000e+01	1.566000e+01	6.800877e+05	3.275866e+04	3.275866e+04
1.566000e+01	1.588000e+01	6.311718e+05	3.155859e+04	3.155859e+04
1.588000e+01	1.610000e+01	5.980350e+05	3.071900e+04	3.071900e+04
1.610000e+01	1.632000e+01	5.522755e+05	2.952035e+04	2.952035e+04
1.632000e+01	1.654000e+01	5.743664e+05	3.010497e+04	3.010497e+04
1.654000e+01	1.676000e+01	5.412295e+05	2.922366e+04	2.922366e+04
1.676000e+01	1.698000e+01	4.891582e+05	2.778231e+04	2.778231e+04
1.698000e+01	1.720000e+01	4.986255e+05	2.804989e+04	2.804989e+04
1.720000e+01	1.742000e+01	4.528657e+05	2.673182e+04	2.673182e+04
1.742000e+01	1.764000e+01	4.197292e+05	2.573525e+04	2.573525e+04
1.764000e+01	1.786000e+01	4.654891e+05	2.710182e+04	2.710182e+04
1.786000e+01	1.808000e+01	3.802810e+05	2.449605e+04	2.449605e+04
1.808000e+01	1.830000e+01	3.723913e+05	2.424061e+04	2.424061e+04
1.830000e+01	1.852000e+01	3.376769e+05	2.308311e+04	2.308311e+04
1.852000e+01	1.874000e+01	3.929044e+05	2.489931e+04	2.489931e+04
1.874000e+01	1.896000e+01	3.234755e+05	2.259251e+04	2.259251e+04
1.896000e+01	1.918000e+01	3.313651e+05	2.286637e+04	2.286637e+04
1.918000e+01	1.940000e+01	2.635142e+05	2.039134e+04	2.039134e+04
1.940000e+01	1.962000e+01	2.840273e+05	2.117014e+04	2.117014e+04
1.962000e+01	1.984000e+01	2.477349e+05	1.977140e+04	1.977140e+04
1.984000e+01	2.006000e+01	2.209101e+05	1.867031e+04	1.867031e+04
2.006000e+01	2.028000e+01	2.745597e+05	2.081432e+04	2.081432e+04
2.028000e+01	2.050000e+01	2.540466e+05	2.002168e+04	2.002168e+04
2.050000e+01	2.072000e+01	2.303777e+05	1.906619e+04	1.906619e+04
2.072000e+01	2.094000e+01	2.114425e+05	1.826585e+04	1.826585e+04
2.094000e+01	2.116000e+01	1.940853e+05	1.750008e+04	1.750008e+04
2.116000e+01	2.138000e+01	1.767281e+05	1.669924e+04	1.669924e+04
2.138000e+01	2.160000e+01	1.577929e+05	1.577930e+04	1.577930e+04
2.160000e+01	2.182000e+01	1.830398e+05	1.699482e+04	1.699482e+04
2.182000e+01	2.204000e+01	1.656826e+05	1.616896e+04	1.616896e+04
2.204000e+01	2.226000e+01	1.577929e+05	1.577930e+04	1.577930e+04
2.226000e+01	2.248000e+01	1.467474e+05	1.521700e+04	1.521700e+04
2.248000e+01	2.270000e+01	1.404357e+05	1.488615e+04	1.488615e+04
2.270000e+01	2.292000e+01	1.388578e+05	1.480229e+04	1.480229e+04
2.292000e+01	2.314000e+01	1.151888e+05	1.348183e+04	1.348183e+04
2.314000e+01	2.336000e+01	1.057213e+05	1.291591e+04	1.291591e+04
2.336000e+01	2.358000e+01	1.230785e+05	1.393589e+04	1.393589e+04
2.358000e+01	2.380000e+01	1.136109e+05	1.338917e+04	1.338917e+04
2.380000e+01	2.402000e+01	1.041433e+05	1.281916e+04	1.281916e+04
2.402000e+01	2.424000e+01	1.072992e+05	1.301194e+04	1.301194e+04
2.424000e+01	2.446000e+01	1.057213e+05	1.291591e+04	1.291591e+04
2.446000e+01	2.468000e+01	9.783164e+04	1.242463e+04	1.242463e+04
2.468000e+01	2.490000e+01	6.627305e+04	1.022615e+04	1.022615e+04
2.490000e+01	2.512000e+01	4.733786e+04	8.642675e+03	8.642675e+03
2.512000e+01	2.534000e+01	0.000000e+00	0.000000e+00	0.000000e+00
2.534000e+01	2.556000e+01	0.000000e+00	0.000000e+00	0.000000e+00
2.556000e+01	2.578000e+01	0.000000e+00	0.000000e+00	0.000000e+00
2.578000e+01	2.600000e+01	0.000000e+00	0.000000e+00	0.000000e+00
# END HISTO1D

