# BEGIN PLOT
LegendOnly=//mt/home/fpauwels/Desktop/Herwig/LHC.yoda/MC_BC/h_rap
DrawOnly=//mt/home/fpauwels/Desktop/Herwig/LHC.yoda/MC_BC/h_rap
Legend=1
LogY=1
# END PLOT

# BEGIN HISTO1D //mt/home/fpauwels/Desktop/Herwig/LHC.yoda/MC_BC/h_rap
LineColor=red
LineStyle=solid
Path=//mt/home/fpauwels/Desktop/Herwig/LHC.yoda/MC_BC/h_rap
ScaledBy=2.37819103655687533e+05
Title=LHC
# xlow	 xhigh	 val	 errminus	 errplus
-1.000000e+01	-9.800000e+00	0.000000e+00	0.000000e+00	0.000000e+00
-9.800000e+00	-9.600000e+00	0.000000e+00	0.000000e+00	0.000000e+00
-9.600000e+00	-9.400000e+00	0.000000e+00	0.000000e+00	0.000000e+00
-9.400000e+00	-9.200000e+00	0.000000e+00	0.000000e+00	0.000000e+00
-9.200000e+00	-9.000000e+00	0.000000e+00	0.000000e+00	0.000000e+00
-9.000000e+00	-8.800000e+00	0.000000e+00	0.000000e+00	0.000000e+00
-8.800000e+00	-8.600000e+00	0.000000e+00	0.000000e+00	0.000000e+00
-8.600000e+00	-8.400000e+00	0.000000e+00	0.000000e+00	0.000000e+00
-8.400000e+00	-8.200000e+00	0.000000e+00	0.000000e+00	0.000000e+00
-8.200000e+00	-8.000000e+00	0.000000e+00	0.000000e+00	0.000000e+00
-8.000000e+00	-7.800000e+00	0.000000e+00	0.000000e+00	0.000000e+00
-7.800000e+00	-7.600000e+00	0.000000e+00	0.000000e+00	0.000000e+00
-7.600000e+00	-7.400000e+00	0.000000e+00	0.000000e+00	0.000000e+00
-7.400000e+00	-7.200000e+00	0.000000e+00	0.000000e+00	0.000000e+00
-7.200000e+00	-7.000000e+00	0.000000e+00	0.000000e+00	0.000000e+00
-7.000000e+00	-6.800000e+00	0.000000e+00	0.000000e+00	0.000000e+00
-6.800000e+00	-6.600000e+00	0.000000e+00	0.000000e+00	0.000000e+00
-6.600000e+00	-6.400000e+00	0.000000e+00	0.000000e+00	0.000000e+00
-6.400000e+00	-6.200000e+00	0.000000e+00	0.000000e+00	0.000000e+00
-6.200000e+00	-6.000000e+00	0.000000e+00	0.000000e+00	0.000000e+00
-6.000000e+00	-5.800000e+00	0.000000e+00	0.000000e+00	0.000000e+00
-5.800000e+00	-5.600000e+00	0.000000e+00	0.000000e+00	0.000000e+00
-5.600000e+00	-5.400000e+00	0.000000e+00	0.000000e+00	0.000000e+00
-5.400000e+00	-5.200000e+00	0.000000e+00	0.000000e+00	0.000000e+00
-5.200000e+00	-5.000000e+00	0.000000e+00	0.000000e+00	0.000000e+00
-5.000000e+00	-4.800000e+00	0.000000e+00	0.000000e+00	0.000000e+00
-4.800000e+00	-4.600000e+00	0.000000e+00	0.000000e+00	0.000000e+00
-4.600000e+00	-4.400000e+00	0.000000e+00	0.000000e+00	0.000000e+00
-4.400000e+00	-4.200000e+00	0.000000e+00	0.000000e+00	0.000000e+00
-4.200000e+00	-4.000000e+00	0.000000e+00	0.000000e+00	0.000000e+00
-4.000000e+00	-3.800000e+00	0.000000e+00	0.000000e+00	0.000000e+00
-3.800000e+00	-3.600000e+00	0.000000e+00	0.000000e+00	0.000000e+00
-3.600000e+00	-3.400000e+00	0.000000e+00	0.000000e+00	0.000000e+00
-3.400000e+00	-3.200000e+00	0.000000e+00	0.000000e+00	0.000000e+00
-3.200000e+00	-3.000000e+00	0.000000e+00	0.000000e+00	0.000000e+00
-3.000000e+00	-2.800000e+00	0.000000e+00	0.000000e+00	0.000000e+00
-2.800000e+00	-2.600000e+00	0.000000e+00	0.000000e+00	0.000000e+00
-2.600000e+00	-2.400000e+00	0.000000e+00	0.000000e+00	0.000000e+00
-2.400000e+00	-2.200000e+00	0.000000e+00	0.000000e+00	0.000000e+00
-2.200000e+00	-2.000000e+00	0.000000e+00	0.000000e+00	0.000000e+00
-2.000000e+00	-1.800000e+00	0.000000e+00	0.000000e+00	0.000000e+00
-1.800000e+00	-1.600000e+00	0.000000e+00	0.000000e+00	0.000000e+00
-1.600000e+00	-1.400000e+00	0.000000e+00	0.000000e+00	0.000000e+00
-1.400000e+00	-1.200000e+00	0.000000e+00	0.000000e+00	0.000000e+00
-1.200000e+00	-1.000000e+00	0.000000e+00	0.000000e+00	0.000000e+00
-1.000000e+00	-8.000000e-01	0.000000e+00	0.000000e+00	0.000000e+00
-8.000000e-01	-6.000000e-01	0.000000e+00	0.000000e+00	0.000000e+00
-6.000000e-01	-4.000000e-01	0.000000e+00	0.000000e+00	0.000000e+00
-4.000000e-01	-2.000000e-01	0.000000e+00	0.000000e+00	0.000000e+00
-2.000000e-01	0.000000e+00	0.000000e+00	0.000000e+00	0.000000e+00
0.000000e+00	2.000000e-01	0.000000e+00	0.000000e+00	0.000000e+00
2.000000e-01	4.000000e-01	0.000000e+00	0.000000e+00	0.000000e+00
4.000000e-01	6.000000e-01	0.000000e+00	0.000000e+00	0.000000e+00
6.000000e-01	8.000000e-01	0.000000e+00	0.000000e+00	0.000000e+00
8.000000e-01	1.000000e+00	0.000000e+00	0.000000e+00	0.000000e+00
1.000000e+00	1.200000e+00	0.000000e+00	0.000000e+00	0.000000e+00
1.200000e+00	1.400000e+00	0.000000e+00	0.000000e+00	0.000000e+00
1.400000e+00	1.600000e+00	0.000000e+00	0.000000e+00	0.000000e+00
1.600000e+00	1.800000e+00	0.000000e+00	0.000000e+00	0.000000e+00
1.800000e+00	2.000000e+00	0.000000e+00	0.000000e+00	0.000000e+00
2.000000e+00	2.200000e+00	0.000000e+00	0.000000e+00	0.000000e+00
2.200000e+00	2.400000e+00	0.000000e+00	0.000000e+00	0.000000e+00
2.400000e+00	2.600000e+00	0.000000e+00	0.000000e+00	0.000000e+00
2.600000e+00	2.800000e+00	0.000000e+00	0.000000e+00	0.000000e+00
2.800000e+00	3.000000e+00	0.000000e+00	0.000000e+00	0.000000e+00
3.000000e+00	3.200000e+00	0.000000e+00	0.000000e+00	0.000000e+00
3.200000e+00	3.400000e+00	0.000000e+00	0.000000e+00	0.000000e+00
3.400000e+00	3.600000e+00	0.000000e+00	0.000000e+00	0.000000e+00
3.600000e+00	3.800000e+00	0.000000e+00	0.000000e+00	0.000000e+00
3.800000e+00	4.000000e+00	0.000000e+00	0.000000e+00	0.000000e+00
4.000000e+00	4.200000e+00	0.000000e+00	0.000000e+00	0.000000e+00
4.200000e+00	4.400000e+00	0.000000e+00	0.000000e+00	0.000000e+00
4.400000e+00	4.600000e+00	0.000000e+00	0.000000e+00	0.000000e+00
4.600000e+00	4.800000e+00	0.000000e+00	0.000000e+00	0.000000e+00
4.800000e+00	5.000000e+00	0.000000e+00	0.000000e+00	0.000000e+00
5.000000e+00	5.200000e+00	0.000000e+00	0.000000e+00	0.000000e+00
5.200000e+00	5.400000e+00	0.000000e+00	0.000000e+00	0.000000e+00
5.400000e+00	5.600000e+00	0.000000e+00	0.000000e+00	0.000000e+00
5.600000e+00	5.800000e+00	0.000000e+00	0.000000e+00	0.000000e+00
5.800000e+00	6.000000e+00	0.000000e+00	0.000000e+00	0.000000e+00
6.000000e+00	6.200000e+00	0.000000e+00	0.000000e+00	0.000000e+00
6.200000e+00	6.400000e+00	0.000000e+00	0.000000e+00	0.000000e+00
6.400000e+00	6.600000e+00	0.000000e+00	0.000000e+00	0.000000e+00
6.600000e+00	6.800000e+00	0.000000e+00	0.000000e+00	0.000000e+00
6.800000e+00	7.000000e+00	0.000000e+00	0.000000e+00	0.000000e+00
7.000000e+00	7.200000e+00	0.000000e+00	0.000000e+00	0.000000e+00
7.200000e+00	7.400000e+00	0.000000e+00	0.000000e+00	0.000000e+00
7.400000e+00	7.600000e+00	0.000000e+00	0.000000e+00	0.000000e+00
7.600000e+00	7.800000e+00	0.000000e+00	0.000000e+00	0.000000e+00
7.800000e+00	8.000000e+00	0.000000e+00	0.000000e+00	0.000000e+00
8.000000e+00	8.200000e+00	0.000000e+00	0.000000e+00	0.000000e+00
8.200000e+00	8.400000e+00	0.000000e+00	0.000000e+00	0.000000e+00
8.400000e+00	8.600000e+00	0.000000e+00	0.000000e+00	0.000000e+00
8.600000e+00	8.800000e+00	0.000000e+00	0.000000e+00	0.000000e+00
8.800000e+00	9.000000e+00	0.000000e+00	0.000000e+00	0.000000e+00
9.000000e+00	9.200000e+00	0.000000e+00	0.000000e+00	0.000000e+00
9.200000e+00	9.400000e+00	0.000000e+00	0.000000e+00	0.000000e+00
9.400000e+00	9.600000e+00	0.000000e+00	0.000000e+00	0.000000e+00
9.600000e+00	9.800000e+00	0.000000e+00	0.000000e+00	0.000000e+00
9.800000e+00	1.000000e+01	0.000000e+00	0.000000e+00	0.000000e+00
# END HISTO1D

