# BEGIN PLOT
LegendOnly=//mt/home/fpauwels/Desktop/Project_Repo/B_c/Comparison/LHC.yoda/MC_BC_comparison/h_pT_Bc
DrawOnly=//mt/home/fpauwels/Desktop/Project_Repo/B_c/Comparison/LHC.yoda/MC_BC_comparison/h_pT_Bc
Legend=1
LogY=1
# END PLOT

# BEGIN HISTO1D //mt/home/fpauwels/Desktop/Project_Repo/B_c/Comparison/LHC.yoda/MC_BC_comparison/h_pT_Bc
LineColor=red
LineStyle=solid
Path=//mt/home/fpauwels/Desktop/Project_Repo/B_c/Comparison/LHC.yoda/MC_BC_comparison/h_pT_Bc
ScaledBy=3.47701794098796672e+04
Title=LHC
# xlow	 xhigh	 val	 errminus	 errplus
4.000000e+00	4.220000e+00	0.000000e+00	0.000000e+00	0.000000e+00
4.220000e+00	4.440000e+00	0.000000e+00	0.000000e+00	0.000000e+00
4.440000e+00	4.660000e+00	0.000000e+00	0.000000e+00	0.000000e+00
4.660000e+00	4.880000e+00	0.000000e+00	0.000000e+00	0.000000e+00
4.880000e+00	5.100000e+00	2.528740e+06	6.321851e+05	6.321851e+05
5.100000e+00	5.320000e+00	5.057482e+06	8.940447e+05	8.940447e+05
5.320000e+00	5.540000e+00	5.057482e+06	8.940447e+05	8.940447e+05
5.540000e+00	5.760000e+00	5.373573e+06	9.215602e+05	9.215602e+05
5.760000e+00	5.980000e+00	5.057482e+06	8.940447e+05	8.940447e+05
5.980000e+00	6.200000e+00	6.321850e+06	9.995724e+05	9.995724e+05
6.200000e+00	6.420000e+00	4.741386e+06	8.656551e+05	8.656551e+05
6.420000e+00	6.640000e+00	5.689664e+06	9.482776e+05	9.482776e+05
6.640000e+00	6.860000e+00	3.793110e+06	7.742654e+05	7.742654e+05
6.860000e+00	7.080000e+00	4.741386e+06	8.656551e+05	8.656551e+05
7.080000e+00	7.300000e+00	6.795991e+06	1.036379e+06	1.036379e+06
7.300000e+00	7.520000e+00	5.215527e+06	9.079067e+05	9.079067e+05
7.520000e+00	7.740000e+00	6.637945e+06	1.024257e+06	1.024257e+06
7.740000e+00	7.960000e+00	3.635064e+06	7.579632e+05	7.579632e+05
7.960000e+00	8.180000e+00	6.005759e+06	9.742626e+05	9.742626e+05
8.180000e+00	8.400000e+00	3.635064e+06	7.579632e+05	7.579632e+05
8.400000e+00	8.620000e+00	6.163805e+06	9.869986e+05	9.869986e+05
8.620000e+00	8.840000e+00	4.583341e+06	8.511053e+05	8.511053e+05
8.840000e+00	9.060000e+00	4.425295e+06	8.363022e+05	8.363022e+05
9.060000e+00	9.280000e+00	5.057482e+06	8.940447e+05	8.940447e+05
9.280000e+00	9.500000e+00	3.477018e+06	7.413027e+05	7.413027e+05
9.500000e+00	9.720000e+00	4.741386e+06	8.656551e+05	8.656551e+05
9.720000e+00	9.940000e+00	4.741386e+06	8.656551e+05	8.656551e+05
9.940000e+00	1.016000e+01	4.267249e+06	8.212326e+05	8.212326e+05
1.016000e+01	1.038000e+01	4.267249e+06	8.212326e+05	8.212326e+05
1.038000e+01	1.060000e+01	3.477018e+06	7.413027e+05	7.413027e+05
1.060000e+01	1.082000e+01	2.054601e+06	5.698439e+05	5.698439e+05
1.082000e+01	1.104000e+01	4.109203e+06	8.058810e+05	8.058810e+05
1.104000e+01	1.126000e+01	3.635064e+06	7.579632e+05	7.579632e+05
1.126000e+01	1.148000e+01	3.635064e+06	7.579632e+05	7.579632e+05
1.148000e+01	1.170000e+01	3.002879e+06	6.889077e+05	6.889077e+05
1.170000e+01	1.192000e+01	3.793110e+06	7.742654e+05	7.742654e+05
1.192000e+01	1.214000e+01	2.528740e+06	6.321851e+05	6.321851e+05
1.214000e+01	1.236000e+01	2.844833e+06	6.705336e+05	6.705336e+05
1.236000e+01	1.258000e+01	1.896555e+06	5.474883e+05	5.474883e+05
1.258000e+01	1.280000e+01	2.054601e+06	5.698439e+05	5.698439e+05
1.280000e+01	1.302000e+01	2.370694e+06	6.121106e+05	6.121106e+05
1.302000e+01	1.324000e+01	3.477018e+06	7.413027e+05	7.413027e+05
1.324000e+01	1.346000e+01	3.318972e+06	7.242590e+05	7.242590e+05
1.346000e+01	1.368000e+01	1.422416e+06	4.741388e+05	4.741388e+05
1.368000e+01	1.390000e+01	2.212648e+06	5.913551e+05	5.913551e+05
1.390000e+01	1.412000e+01	2.844833e+06	6.705336e+05	6.705336e+05
1.412000e+01	1.434000e+01	1.580463e+06	4.997861e+05	4.997861e+05
1.434000e+01	1.456000e+01	2.212648e+06	5.913551e+05	5.913551e+05
1.456000e+01	1.478000e+01	2.054601e+06	5.698439e+05	5.698439e+05
1.478000e+01	1.500000e+01	6.321850e+05	3.160926e+05	3.160926e+05
1.500000e+01	1.522000e+01	2.528740e+06	6.321851e+05	6.321851e+05
1.522000e+01	1.544000e+01	1.422416e+06	4.741388e+05	4.741388e+05
1.544000e+01	1.566000e+01	1.896555e+06	5.474883e+05	5.474883e+05
1.566000e+01	1.588000e+01	2.212648e+06	5.913551e+05	5.913551e+05
1.588000e+01	1.610000e+01	2.054601e+06	5.698439e+05	5.698439e+05
1.610000e+01	1.632000e+01	2.370694e+06	6.121106e+05	6.121106e+05
1.632000e+01	1.654000e+01	2.054601e+06	5.698439e+05	5.698439e+05
1.654000e+01	1.676000e+01	1.422416e+06	4.741388e+05	4.741388e+05
1.676000e+01	1.698000e+01	1.580463e+06	4.997861e+05	4.997861e+05
1.698000e+01	1.720000e+01	1.422416e+06	4.741388e+05	4.741388e+05
1.720000e+01	1.742000e+01	1.106324e+06	4.181511e+05	4.181511e+05
1.742000e+01	1.764000e+01	1.264370e+06	4.470224e+05	4.470224e+05
1.764000e+01	1.786000e+01	1.106324e+06	4.181511e+05	4.181511e+05
1.786000e+01	1.808000e+01	6.321850e+05	3.160926e+05	3.160926e+05
1.808000e+01	1.830000e+01	9.482777e+05	3.871327e+05	3.871327e+05
1.830000e+01	1.852000e+01	4.741386e+05	2.737442e+05	2.737442e+05
1.852000e+01	1.874000e+01	1.106324e+06	4.181511e+05	4.181511e+05
1.874000e+01	1.896000e+01	7.902314e+05	3.534022e+05	3.534022e+05
1.896000e+01	1.918000e+01	1.580463e+05	1.580462e+05	1.580462e+05
1.918000e+01	1.940000e+01	7.902314e+05	3.534022e+05	3.534022e+05
1.940000e+01	1.962000e+01	1.106324e+06	4.181511e+05	4.181511e+05
1.962000e+01	1.984000e+01	1.106324e+06	4.181511e+05	4.181511e+05
1.984000e+01	2.006000e+01	1.580463e+05	1.580462e+05	1.580462e+05
2.006000e+01	2.028000e+01	6.321850e+05	3.160926e+05	3.160926e+05
2.028000e+01	2.050000e+01	3.160925e+05	2.235112e+05	2.235112e+05
2.050000e+01	2.072000e+01	1.580463e+06	4.997861e+05	4.997861e+05
2.072000e+01	2.094000e+01	9.482777e+05	3.871327e+05	3.871327e+05
2.094000e+01	2.116000e+01	6.321850e+05	3.160926e+05	3.160926e+05
2.116000e+01	2.138000e+01	1.580463e+05	1.580462e+05	1.580462e+05
2.138000e+01	2.160000e+01	4.741386e+05	2.737442e+05	2.737442e+05
2.160000e+01	2.182000e+01	6.321850e+05	3.160926e+05	3.160926e+05
2.182000e+01	2.204000e+01	7.902314e+05	3.534022e+05	3.534022e+05
2.204000e+01	2.226000e+01	3.160925e+05	2.235112e+05	2.235112e+05
2.226000e+01	2.248000e+01	4.741386e+05	2.737442e+05	2.737442e+05
2.248000e+01	2.270000e+01	6.321850e+05	3.160926e+05	3.160926e+05
2.270000e+01	2.292000e+01	4.741386e+05	2.737442e+05	2.737442e+05
2.292000e+01	2.314000e+01	4.741386e+05	2.737442e+05	2.737442e+05
2.314000e+01	2.336000e+01	9.482777e+05	3.871327e+05	3.871327e+05
2.336000e+01	2.358000e+01	3.160925e+05	2.235112e+05	2.235112e+05
2.358000e+01	2.380000e+01	1.580463e+05	1.580462e+05	1.580462e+05
2.380000e+01	2.402000e+01	3.160925e+05	2.235112e+05	2.235112e+05
2.402000e+01	2.424000e+01	0.000000e+00	0.000000e+00	0.000000e+00
2.424000e+01	2.446000e+01	6.321850e+05	3.160926e+05	3.160926e+05
2.446000e+01	2.468000e+01	0.000000e+00	0.000000e+00	0.000000e+00
2.468000e+01	2.490000e+01	1.580463e+05	1.580462e+05	1.580462e+05
2.490000e+01	2.512000e+01	1.580463e+05	1.580462e+05	1.580462e+05
2.512000e+01	2.534000e+01	0.000000e+00	0.000000e+00	0.000000e+00
2.534000e+01	2.556000e+01	0.000000e+00	0.000000e+00	0.000000e+00
2.556000e+01	2.578000e+01	0.000000e+00	0.000000e+00	0.000000e+00
2.578000e+01	2.600000e+01	0.000000e+00	0.000000e+00	0.000000e+00
# END HISTO1D

