# BEGIN PLOT
LegendOnly=//mt/home/fpauwels/Desktop/Project_Repo/Final-runs/rivet-plots-primary-particles/LHC3p2.yoda/MC_BC/h_rap_Bc
DrawOnly=//mt/home/fpauwels/Desktop/Project_Repo/Final-runs/rivet-plots-primary-particles/LHC3p2.yoda/MC_BC/h_rap_Bc
LogY=0
XLabel=$p_\perp$
YLabel=d$\sigma[pb]$
Legend=1
# END PLOT

# BEGIN HISTO1D //mt/home/fpauwels/Desktop/Project_Repo/Final-runs/rivet-plots-primary-particles/LHC3p2.yoda/MC_BC/h_rap_Bc
LineColor=red
LineStyle=solid
Path=//mt/home/fpauwels/Desktop/Project_Repo/Final-runs/rivet-plots-primary-particles/LHC3p2.yoda/MC_BC/h_rap_Bc
ScaledBy=2.78098726782325912e+03
Title=${}^3P_2$
# xlow	 xhigh	 val	 errminus	 errplus
-1.000000e+01	-9.800000e+00	0.000000e+00	0.000000e+00	0.000000e+00
-9.800000e+00	-9.600000e+00	0.000000e+00	0.000000e+00	0.000000e+00
-9.600000e+00	-9.400000e+00	0.000000e+00	0.000000e+00	0.000000e+00
-9.400000e+00	-9.200000e+00	0.000000e+00	0.000000e+00	0.000000e+00
-9.200000e+00	-9.000000e+00	0.000000e+00	0.000000e+00	0.000000e+00
-9.000000e+00	-8.800000e+00	0.000000e+00	0.000000e+00	0.000000e+00
-8.800000e+00	-8.600000e+00	0.000000e+00	0.000000e+00	0.000000e+00
-8.600000e+00	-8.400000e+00	0.000000e+00	0.000000e+00	0.000000e+00
-8.400000e+00	-8.200000e+00	0.000000e+00	0.000000e+00	0.000000e+00
-8.200000e+00	-8.000000e+00	0.000000e+00	0.000000e+00	0.000000e+00
-8.000000e+00	-7.800000e+00	0.000000e+00	0.000000e+00	0.000000e+00
-7.800000e+00	-7.600000e+00	0.000000e+00	0.000000e+00	0.000000e+00
-7.600000e+00	-7.400000e+00	0.000000e+00	0.000000e+00	0.000000e+00
-7.400000e+00	-7.200000e+00	0.000000e+00	0.000000e+00	0.000000e+00
-7.200000e+00	-7.000000e+00	1.390494e+04	1.390494e+04	1.390494e+04
-7.000000e+00	-6.800000e+00	0.000000e+00	0.000000e+00	0.000000e+00
-6.800000e+00	-6.600000e+00	4.171480e+04	2.408406e+04	2.408406e+04
-6.600000e+00	-6.400000e+00	1.390494e+04	1.390494e+04	1.390494e+04
-6.400000e+00	-6.200000e+00	5.561975e+04	2.780987e+04	2.780987e+04
-6.200000e+00	-6.000000e+00	4.171482e+04	2.408406e+04	2.408406e+04
-6.000000e+00	-5.800000e+00	4.171481e+04	2.408406e+04	2.408406e+04
-5.800000e+00	-5.600000e+00	5.561975e+04	2.780988e+04	2.780988e+04
-5.600000e+00	-5.400000e+00	5.561975e+04	2.780987e+04	2.780987e+04
-5.400000e+00	-5.200000e+00	5.561975e+04	2.780987e+04	2.780987e+04
-5.200000e+00	-5.000000e+00	8.342960e+04	3.406000e+04	3.406000e+04
-5.000000e+00	-4.800000e+00	1.251444e+05	4.171481e+04	4.171481e+04
-4.800000e+00	-4.600000e+00	8.342960e+04	3.406000e+04	3.406000e+04
-4.600000e+00	-4.400000e+00	9.733455e+04	3.678900e+04	3.678900e+04
-4.400000e+00	-4.200000e+00	6.952470e+04	3.109238e+04	3.109238e+04
-4.200000e+00	-4.000000e+00	2.224790e+05	5.561974e+04	5.561974e+04
-4.000000e+00	-3.800000e+00	1.112395e+05	3.932910e+04	3.932910e+04
-3.800000e+00	-3.600000e+00	1.807642e+05	5.013497e+04	5.013497e+04
-3.600000e+00	-3.400000e+00	1.946691e+05	5.202752e+04	5.202752e+04
-3.400000e+00	-3.200000e+00	2.780987e+05	6.218477e+04	6.218477e+04
-3.200000e+00	-3.000000e+00	2.780987e+05	6.218477e+04	6.218477e+04
-3.000000e+00	-2.800000e+00	2.641938e+05	6.061021e+04	6.061021e+04
-2.800000e+00	-2.600000e+00	1.251445e+05	4.171481e+04	4.171481e+04
-2.600000e+00	-2.400000e+00	2.224790e+05	5.561974e+04	5.561974e+04
-2.400000e+00	-2.200000e+00	2.502889e+05	5.899364e+04	5.899364e+04
-2.200000e+00	-2.000000e+00	2.780987e+05	6.218477e+04	6.218477e+04
-2.000000e+00	-1.800000e+00	3.337185e+05	6.812000e+04	6.812000e+04
-1.800000e+00	-1.600000e+00	1.946691e+05	5.202752e+04	5.202752e+04
-1.600000e+00	-1.400000e+00	1.946691e+05	5.202752e+04	5.202752e+04
-1.400000e+00	-1.200000e+00	3.198136e+05	6.668574e+04	6.668574e+04
-1.200000e+00	-1.000000e+00	3.337185e+05	6.812000e+04	6.812000e+04
-1.000000e+00	-8.000000e-01	2.363839e+05	5.733151e+04	5.733151e+04
-8.000000e-01	-6.000000e-01	2.780987e+05	6.218477e+04	6.218477e+04
-6.000000e-01	-4.000000e-01	3.337185e+05	6.812000e+04	6.812000e+04
-4.000000e-01	-2.000000e-01	3.754333e+05	7.225216e+04	7.225216e+04
-2.000000e-01	0.000000e+00	2.085740e+05	5.385360e+04	5.385360e+04
0.000000e+00	2.000000e-01	2.085740e+05	5.385360e+04	5.385360e+04
2.000000e-01	4.000000e-01	1.807641e+05	5.013497e+04	5.013497e+04
4.000000e-01	6.000000e-01	2.085741e+05	5.385360e+04	5.385360e+04
6.000000e-01	8.000000e-01	3.198135e+05	6.668574e+04	6.668574e+04
8.000000e-01	1.000000e+00	1.946691e+05	5.202752e+04	5.202752e+04
1.000000e+00	1.200000e+00	3.059086e+05	6.521994e+04	6.521994e+04
1.200000e+00	1.400000e+00	3.337185e+05	6.812000e+04	6.812000e+04
1.400000e+00	1.600000e+00	1.946691e+05	5.202752e+04	5.202752e+04
1.600000e+00	1.800000e+00	2.641938e+05	6.061021e+04	6.061021e+04
1.800000e+00	2.000000e+00	2.780987e+05	6.218477e+04	6.218477e+04
2.000000e+00	2.200000e+00	3.754332e+05	7.225216e+04	7.225216e+04
2.200000e+00	2.400000e+00	1.807642e+05	5.013497e+04	5.013497e+04
2.400000e+00	2.600000e+00	2.363839e+05	5.733151e+04	5.733151e+04
2.600000e+00	2.800000e+00	1.390494e+05	4.397127e+04	4.397127e+04
2.800000e+00	3.000000e+00	2.502888e+05	5.899364e+04	5.899364e+04
3.000000e+00	3.200000e+00	1.668592e+05	4.816811e+04	4.816811e+04
3.200000e+00	3.400000e+00	1.112395e+05	3.932910e+04	3.932910e+04
3.400000e+00	3.600000e+00	1.251444e+05	4.171481e+04	4.171481e+04
3.600000e+00	3.800000e+00	1.668593e+05	4.816811e+04	4.816811e+04
3.800000e+00	4.000000e+00	1.807641e+05	5.013497e+04	5.013497e+04
4.000000e+00	4.200000e+00	9.733455e+04	3.678900e+04	3.678900e+04
4.200000e+00	4.400000e+00	1.112395e+05	3.932910e+04	3.932910e+04
4.400000e+00	4.600000e+00	9.733455e+04	3.678900e+04	3.678900e+04
4.600000e+00	4.800000e+00	9.733455e+04	3.678901e+04	3.678901e+04
4.800000e+00	5.000000e+00	9.733455e+04	3.678900e+04	3.678900e+04
5.000000e+00	5.200000e+00	8.342960e+04	3.406000e+04	3.406000e+04
5.200000e+00	5.400000e+00	5.561975e+04	2.780988e+04	2.780988e+04
5.400000e+00	5.600000e+00	9.733455e+04	3.678900e+04	3.678900e+04
5.600000e+00	5.800000e+00	6.952470e+04	3.109238e+04	3.109238e+04
5.800000e+00	6.000000e+00	6.952470e+04	3.109238e+04	3.109238e+04
6.000000e+00	6.200000e+00	1.390494e+04	1.390494e+04	1.390494e+04
6.200000e+00	6.400000e+00	0.000000e+00	0.000000e+00	0.000000e+00
6.400000e+00	6.600000e+00	1.390494e+04	1.390494e+04	1.390494e+04
6.600000e+00	6.800000e+00	4.171481e+04	2.408406e+04	2.408406e+04
6.800000e+00	7.000000e+00	0.000000e+00	0.000000e+00	0.000000e+00
7.000000e+00	7.200000e+00	1.390493e+04	1.390494e+04	1.390494e+04
7.200000e+00	7.400000e+00	0.000000e+00	0.000000e+00	0.000000e+00
7.400000e+00	7.600000e+00	0.000000e+00	0.000000e+00	0.000000e+00
7.600000e+00	7.800000e+00	0.000000e+00	0.000000e+00	0.000000e+00
7.800000e+00	8.000000e+00	0.000000e+00	0.000000e+00	0.000000e+00
8.000000e+00	8.200000e+00	0.000000e+00	0.000000e+00	0.000000e+00
8.200000e+00	8.400000e+00	0.000000e+00	0.000000e+00	0.000000e+00
8.400000e+00	8.600000e+00	0.000000e+00	0.000000e+00	0.000000e+00
8.600000e+00	8.800000e+00	0.000000e+00	0.000000e+00	0.000000e+00
8.800000e+00	9.000000e+00	0.000000e+00	0.000000e+00	0.000000e+00
9.000000e+00	9.200000e+00	0.000000e+00	0.000000e+00	0.000000e+00
9.200000e+00	9.400000e+00	0.000000e+00	0.000000e+00	0.000000e+00
9.400000e+00	9.600000e+00	0.000000e+00	0.000000e+00	0.000000e+00
9.600000e+00	9.800000e+00	0.000000e+00	0.000000e+00	0.000000e+00
9.800000e+00	1.000000e+01	0.000000e+00	0.000000e+00	0.000000e+00
# END HISTO1D

