# BEGIN PLOT
LegendOnly=//mt/home/fpauwels/Desktop/Project_Repo/Final-runs/rivet-plots-primary-particles/LHCtogether.yoda/MC_BC/h_pT_3p0 //mt/home/fpauwels/Desktop/Project_Repo/Final-runs/rivet-plots-primary-particles/LHC_sum.yoda/MC_BC/h_pT_3p0
DrawOnly=//mt/home/fpauwels/Desktop/Project_Repo/Final-runs/rivet-plots-primary-particles/LHCtogether.yoda/MC_BC/h_pT_3p0 //mt/home/fpauwels/Desktop/Project_Repo/Final-runs/rivet-plots-primary-particles/LHC_sum.yoda/MC_BC/h_pT_3p0
RatioPlotReference=//mt/home/fpauwels/Desktop/Project_Repo/Final-runs/rivet-plots-primary-particles/LHCtogether.yoda/MC_BC/h_pT_3p0
RatioPlot=1
LogY=0
RatioPlotYLabel=Ratio
XLabel=$p_\perp$[GeV]
YLabel=d$\sigma[pb] $
Legend=1
# END PLOT

# BEGIN HISTO1D //mt/home/fpauwels/Desktop/Project_Repo/Final-runs/rivet-plots-primary-particles/LHCtogether.yoda/MC_BC/h_pT_3p0
LineColor=red
LineStyle=solid
Path=//mt/home/fpauwels/Desktop/Project_Repo/Final-runs/rivet-plots-primary-particles/LHCtogether.yoda/MC_BC/h_pT_3p0
ScaledBy=8.73255794393060967e+01
Title=P and S-wave
# xlow	 xhigh	 val	 errminus	 errplus
0.000000e+00	3.000000e-01	5.821703e+02	4.116567e+02	4.116567e+02
3.000000e-01	6.000000e-01	0.000000e+00	0.000000e+00	0.000000e+00
6.000000e-01	9.000000e-01	0.000000e+00	0.000000e+00	0.000000e+00
9.000000e-01	1.200000e+00	0.000000e+00	0.000000e+00	0.000000e+00
1.200000e+00	1.500000e+00	5.821703e+02	4.116567e+02	4.116567e+02
1.500000e+00	1.800000e+00	8.732557e+02	5.041745e+02	5.041745e+02
1.800000e+00	2.100000e+00	5.821707e+02	4.116567e+02	4.116567e+02
2.100000e+00	2.400000e+00	2.910853e+02	2.910852e+02	2.910852e+02
2.400000e+00	2.700000e+00	5.821707e+02	4.116568e+02	4.116568e+02
2.700000e+00	3.000000e+00	8.732560e+02	5.041745e+02	5.041745e+02
3.000000e+00	3.300000e+00	2.910853e+02	2.910852e+02	2.910852e+02
3.300000e+00	3.600000e+00	2.910853e+02	2.910852e+02	2.910852e+02
3.600000e+00	3.900000e+00	2.910853e+02	2.910853e+02	2.910853e+02
3.900000e+00	4.200000e+00	5.821703e+02	4.116567e+02	4.116567e+02
4.200000e+00	4.500000e+00	5.821707e+02	4.116567e+02	4.116567e+02
4.500000e+00	4.800000e+00	2.910852e+02	2.910853e+02	2.910853e+02
4.800000e+00	5.100000e+00	0.000000e+00	0.000000e+00	0.000000e+00
5.100000e+00	5.400000e+00	2.910854e+02	2.910853e+02	2.910853e+02
5.400000e+00	5.700000e+00	8.732557e+02	5.041745e+02	5.041745e+02
5.700000e+00	6.000000e+00	5.821707e+02	4.116567e+02	4.116567e+02
6.000000e+00	6.300000e+00	0.000000e+00	0.000000e+00	0.000000e+00
6.300000e+00	6.600000e+00	2.910853e+02	2.910852e+02	2.910852e+02
6.600000e+00	6.900000e+00	2.910853e+02	2.910853e+02	2.910853e+02
6.900000e+00	7.200000e+00	2.910852e+02	2.910853e+02	2.910853e+02
7.200000e+00	7.500000e+00	2.910853e+02	2.910852e+02	2.910852e+02
7.500000e+00	7.800000e+00	0.000000e+00	0.000000e+00	0.000000e+00
7.800000e+00	8.100000e+00	2.910852e+02	2.910853e+02	2.910853e+02
8.100000e+00	8.400000e+00	2.910853e+02	2.910853e+02	2.910853e+02
8.400000e+00	8.700000e+00	5.821707e+02	4.116567e+02	4.116567e+02
8.700000e+00	9.000000e+00	2.910853e+02	2.910852e+02	2.910852e+02
9.000000e+00	9.300000e+00	0.000000e+00	0.000000e+00	0.000000e+00
9.300000e+00	9.600000e+00	2.910853e+02	2.910852e+02	2.910852e+02
9.600000e+00	9.900000e+00	2.910852e+02	2.910853e+02	2.910853e+02
9.900000e+00	1.020000e+01	0.000000e+00	0.000000e+00	0.000000e+00
1.020000e+01	1.050000e+01	2.910853e+02	2.910853e+02	2.910853e+02
1.050000e+01	1.080000e+01	0.000000e+00	0.000000e+00	0.000000e+00
1.080000e+01	1.110000e+01	0.000000e+00	0.000000e+00	0.000000e+00
1.110000e+01	1.140000e+01	2.910853e+02	2.910853e+02	2.910853e+02
1.140000e+01	1.170000e+01	0.000000e+00	0.000000e+00	0.000000e+00
1.170000e+01	1.200000e+01	0.000000e+00	0.000000e+00	0.000000e+00
1.200000e+01	1.230000e+01	2.910852e+02	2.910853e+02	2.910853e+02
1.230000e+01	1.260000e+01	0.000000e+00	0.000000e+00	0.000000e+00
1.260000e+01	1.290000e+01	0.000000e+00	0.000000e+00	0.000000e+00
1.290000e+01	1.320000e+01	2.910853e+02	2.910852e+02	2.910852e+02
1.320000e+01	1.350000e+01	2.910853e+02	2.910852e+02	2.910852e+02
1.350000e+01	1.380000e+01	2.910853e+02	2.910852e+02	2.910852e+02
1.380000e+01	1.410000e+01	0.000000e+00	0.000000e+00	0.000000e+00
1.410000e+01	1.440000e+01	2.910852e+02	2.910853e+02	2.910853e+02
1.440000e+01	1.470000e+01	0.000000e+00	0.000000e+00	0.000000e+00
1.470000e+01	1.500000e+01	0.000000e+00	0.000000e+00	0.000000e+00
1.500000e+01	1.530000e+01	0.000000e+00	0.000000e+00	0.000000e+00
1.530000e+01	1.560000e+01	2.910853e+02	2.910852e+02	2.910852e+02
1.560000e+01	1.590000e+01	2.910853e+02	2.910852e+02	2.910852e+02
1.590000e+01	1.620000e+01	0.000000e+00	0.000000e+00	0.000000e+00
1.620000e+01	1.650000e+01	0.000000e+00	0.000000e+00	0.000000e+00
1.650000e+01	1.680000e+01	2.910853e+02	2.910853e+02	2.910853e+02
1.680000e+01	1.710000e+01	0.000000e+00	0.000000e+00	0.000000e+00
1.710000e+01	1.740000e+01	5.821707e+02	4.116567e+02	4.116567e+02
1.740000e+01	1.770000e+01	8.732557e+02	5.041745e+02	5.041745e+02
1.770000e+01	1.800000e+01	2.910853e+02	2.910853e+02	2.910853e+02
1.800000e+01	1.830000e+01	2.910853e+02	2.910852e+02	2.910852e+02
1.830000e+01	1.860000e+01	0.000000e+00	0.000000e+00	0.000000e+00
1.860000e+01	1.890000e+01	2.910852e+02	2.910853e+02	2.910853e+02
1.890000e+01	1.920000e+01	0.000000e+00	0.000000e+00	0.000000e+00
1.920000e+01	1.950000e+01	0.000000e+00	0.000000e+00	0.000000e+00
1.950000e+01	1.980000e+01	0.000000e+00	0.000000e+00	0.000000e+00
1.980000e+01	2.010000e+01	0.000000e+00	0.000000e+00	0.000000e+00
2.010000e+01	2.040000e+01	0.000000e+00	0.000000e+00	0.000000e+00
2.040000e+01	2.070000e+01	0.000000e+00	0.000000e+00	0.000000e+00
2.070000e+01	2.100000e+01	0.000000e+00	0.000000e+00	0.000000e+00
2.100000e+01	2.130000e+01	0.000000e+00	0.000000e+00	0.000000e+00
2.130000e+01	2.160000e+01	0.000000e+00	0.000000e+00	0.000000e+00
2.160000e+01	2.190000e+01	0.000000e+00	0.000000e+00	0.000000e+00
2.190000e+01	2.220000e+01	0.000000e+00	0.000000e+00	0.000000e+00
2.220000e+01	2.250000e+01	0.000000e+00	0.000000e+00	0.000000e+00
2.250000e+01	2.280000e+01	0.000000e+00	0.000000e+00	0.000000e+00
2.280000e+01	2.310000e+01	0.000000e+00	0.000000e+00	0.000000e+00
2.310000e+01	2.340000e+01	0.000000e+00	0.000000e+00	0.000000e+00
2.340000e+01	2.370000e+01	2.910852e+02	2.910853e+02	2.910853e+02
2.370000e+01	2.400000e+01	0.000000e+00	0.000000e+00	0.000000e+00
2.400000e+01	2.430000e+01	0.000000e+00	0.000000e+00	0.000000e+00
2.430000e+01	2.460000e+01	2.910853e+02	2.910852e+02	2.910852e+02
2.460000e+01	2.490000e+01	0.000000e+00	0.000000e+00	0.000000e+00
2.490000e+01	2.520000e+01	2.910853e+02	2.910852e+02	2.910852e+02
2.520000e+01	2.550000e+01	2.910853e+02	2.910852e+02	2.910852e+02
2.550000e+01	2.580000e+01	0.000000e+00	0.000000e+00	0.000000e+00
2.580000e+01	2.610000e+01	0.000000e+00	0.000000e+00	0.000000e+00
2.610000e+01	2.640000e+01	0.000000e+00	0.000000e+00	0.000000e+00
2.640000e+01	2.670000e+01	0.000000e+00	0.000000e+00	0.000000e+00
2.670000e+01	2.700000e+01	0.000000e+00	0.000000e+00	0.000000e+00
2.700000e+01	2.730000e+01	0.000000e+00	0.000000e+00	0.000000e+00
2.730000e+01	2.760000e+01	0.000000e+00	0.000000e+00	0.000000e+00
2.760000e+01	2.790000e+01	0.000000e+00	0.000000e+00	0.000000e+00
2.790000e+01	2.820000e+01	0.000000e+00	0.000000e+00	0.000000e+00
2.820000e+01	2.850000e+01	0.000000e+00	0.000000e+00	0.000000e+00
2.850000e+01	2.880000e+01	0.000000e+00	0.000000e+00	0.000000e+00
2.880000e+01	2.910000e+01	0.000000e+00	0.000000e+00	0.000000e+00
2.910000e+01	2.940000e+01	0.000000e+00	0.000000e+00	0.000000e+00
2.940000e+01	2.970000e+01	0.000000e+00	0.000000e+00	0.000000e+00
2.970000e+01	3.000000e+01	0.000000e+00	0.000000e+00	0.000000e+00
# END HISTO1D


# BEGIN HISTO1D //mt/home/fpauwels/Desktop/Project_Repo/Final-runs/rivet-plots-primary-particles/LHC_sum.yoda/MC_BC/h_pT_3p0
LineColor=blue
LineStyle=solid
Path=//mt/home/fpauwels/Desktop/Project_Repo/Final-runs/rivet-plots-primary-particles/LHC_sum.yoda/MC_BC/h_pT_3p0
ScaledBy=8.73255794393060967e+01
Title=P-wave
# xlow	 xhigh	 val	 errminus	 errplus
0.000000e+00	3.000000e-01	5.821703e+02	4.116567e+02	4.116567e+02
3.000000e-01	6.000000e-01	0.000000e+00	0.000000e+00	0.000000e+00
6.000000e-01	9.000000e-01	0.000000e+00	0.000000e+00	0.000000e+00
9.000000e-01	1.200000e+00	0.000000e+00	0.000000e+00	0.000000e+00
1.200000e+00	1.500000e+00	5.821703e+02	4.116567e+02	4.116567e+02
1.500000e+00	1.800000e+00	8.732557e+02	5.041745e+02	5.041745e+02
1.800000e+00	2.100000e+00	5.821707e+02	4.116567e+02	4.116567e+02
2.100000e+00	2.400000e+00	2.910853e+02	2.910852e+02	2.910852e+02
2.400000e+00	2.700000e+00	5.821707e+02	4.116568e+02	4.116568e+02
2.700000e+00	3.000000e+00	8.732560e+02	5.041745e+02	5.041745e+02
3.000000e+00	3.300000e+00	2.910853e+02	2.910852e+02	2.910852e+02
3.300000e+00	3.600000e+00	2.910853e+02	2.910852e+02	2.910852e+02
3.600000e+00	3.900000e+00	2.910853e+02	2.910853e+02	2.910853e+02
3.900000e+00	4.200000e+00	5.821703e+02	4.116567e+02	4.116567e+02
4.200000e+00	4.500000e+00	5.821707e+02	4.116567e+02	4.116567e+02
4.500000e+00	4.800000e+00	2.910852e+02	2.910853e+02	2.910853e+02
4.800000e+00	5.100000e+00	0.000000e+00	0.000000e+00	0.000000e+00
5.100000e+00	5.400000e+00	2.910854e+02	2.910853e+02	2.910853e+02
5.400000e+00	5.700000e+00	8.732557e+02	5.041745e+02	5.041745e+02
5.700000e+00	6.000000e+00	5.821707e+02	4.116567e+02	4.116567e+02
6.000000e+00	6.300000e+00	0.000000e+00	0.000000e+00	0.000000e+00
6.300000e+00	6.600000e+00	2.910853e+02	2.910852e+02	2.910852e+02
6.600000e+00	6.900000e+00	2.910853e+02	2.910853e+02	2.910853e+02
6.900000e+00	7.200000e+00	2.910852e+02	2.910853e+02	2.910853e+02
7.200000e+00	7.500000e+00	2.910853e+02	2.910852e+02	2.910852e+02
7.500000e+00	7.800000e+00	0.000000e+00	0.000000e+00	0.000000e+00
7.800000e+00	8.100000e+00	2.910852e+02	2.910853e+02	2.910853e+02
8.100000e+00	8.400000e+00	2.910853e+02	2.910853e+02	2.910853e+02
8.400000e+00	8.700000e+00	5.821707e+02	4.116567e+02	4.116567e+02
8.700000e+00	9.000000e+00	2.910853e+02	2.910852e+02	2.910852e+02
9.000000e+00	9.300000e+00	0.000000e+00	0.000000e+00	0.000000e+00
9.300000e+00	9.600000e+00	2.910853e+02	2.910852e+02	2.910852e+02
9.600000e+00	9.900000e+00	2.910852e+02	2.910853e+02	2.910853e+02
9.900000e+00	1.020000e+01	0.000000e+00	0.000000e+00	0.000000e+00
1.020000e+01	1.050000e+01	2.910853e+02	2.910853e+02	2.910853e+02
1.050000e+01	1.080000e+01	0.000000e+00	0.000000e+00	0.000000e+00
1.080000e+01	1.110000e+01	0.000000e+00	0.000000e+00	0.000000e+00
1.110000e+01	1.140000e+01	2.910853e+02	2.910853e+02	2.910853e+02
1.140000e+01	1.170000e+01	0.000000e+00	0.000000e+00	0.000000e+00
1.170000e+01	1.200000e+01	0.000000e+00	0.000000e+00	0.000000e+00
1.200000e+01	1.230000e+01	2.910852e+02	2.910853e+02	2.910853e+02
1.230000e+01	1.260000e+01	0.000000e+00	0.000000e+00	0.000000e+00
1.260000e+01	1.290000e+01	0.000000e+00	0.000000e+00	0.000000e+00
1.290000e+01	1.320000e+01	2.910853e+02	2.910852e+02	2.910852e+02
1.320000e+01	1.350000e+01	2.910853e+02	2.910852e+02	2.910852e+02
1.350000e+01	1.380000e+01	2.910853e+02	2.910852e+02	2.910852e+02
1.380000e+01	1.410000e+01	0.000000e+00	0.000000e+00	0.000000e+00
1.410000e+01	1.440000e+01	2.910852e+02	2.910853e+02	2.910853e+02
1.440000e+01	1.470000e+01	0.000000e+00	0.000000e+00	0.000000e+00
1.470000e+01	1.500000e+01	0.000000e+00	0.000000e+00	0.000000e+00
1.500000e+01	1.530000e+01	0.000000e+00	0.000000e+00	0.000000e+00
1.530000e+01	1.560000e+01	2.910853e+02	2.910852e+02	2.910852e+02
1.560000e+01	1.590000e+01	2.910853e+02	2.910852e+02	2.910852e+02
1.590000e+01	1.620000e+01	0.000000e+00	0.000000e+00	0.000000e+00
1.620000e+01	1.650000e+01	0.000000e+00	0.000000e+00	0.000000e+00
1.650000e+01	1.680000e+01	2.910853e+02	2.910853e+02	2.910853e+02
1.680000e+01	1.710000e+01	0.000000e+00	0.000000e+00	0.000000e+00
1.710000e+01	1.740000e+01	5.821707e+02	4.116567e+02	4.116567e+02
1.740000e+01	1.770000e+01	8.732557e+02	5.041745e+02	5.041745e+02
1.770000e+01	1.800000e+01	2.910853e+02	2.910853e+02	2.910853e+02
1.800000e+01	1.830000e+01	2.910853e+02	2.910852e+02	2.910852e+02
1.830000e+01	1.860000e+01	0.000000e+00	0.000000e+00	0.000000e+00
1.860000e+01	1.890000e+01	2.910852e+02	2.910853e+02	2.910853e+02
1.890000e+01	1.920000e+01	0.000000e+00	0.000000e+00	0.000000e+00
1.920000e+01	1.950000e+01	0.000000e+00	0.000000e+00	0.000000e+00
1.950000e+01	1.980000e+01	0.000000e+00	0.000000e+00	0.000000e+00
1.980000e+01	2.010000e+01	0.000000e+00	0.000000e+00	0.000000e+00
2.010000e+01	2.040000e+01	0.000000e+00	0.000000e+00	0.000000e+00
2.040000e+01	2.070000e+01	0.000000e+00	0.000000e+00	0.000000e+00
2.070000e+01	2.100000e+01	0.000000e+00	0.000000e+00	0.000000e+00
2.100000e+01	2.130000e+01	0.000000e+00	0.000000e+00	0.000000e+00
2.130000e+01	2.160000e+01	0.000000e+00	0.000000e+00	0.000000e+00
2.160000e+01	2.190000e+01	0.000000e+00	0.000000e+00	0.000000e+00
2.190000e+01	2.220000e+01	0.000000e+00	0.000000e+00	0.000000e+00
2.220000e+01	2.250000e+01	0.000000e+00	0.000000e+00	0.000000e+00
2.250000e+01	2.280000e+01	0.000000e+00	0.000000e+00	0.000000e+00
2.280000e+01	2.310000e+01	0.000000e+00	0.000000e+00	0.000000e+00
2.310000e+01	2.340000e+01	0.000000e+00	0.000000e+00	0.000000e+00
2.340000e+01	2.370000e+01	2.910852e+02	2.910853e+02	2.910853e+02
2.370000e+01	2.400000e+01	0.000000e+00	0.000000e+00	0.000000e+00
2.400000e+01	2.430000e+01	0.000000e+00	0.000000e+00	0.000000e+00
2.430000e+01	2.460000e+01	2.910853e+02	2.910852e+02	2.910852e+02
2.460000e+01	2.490000e+01	0.000000e+00	0.000000e+00	0.000000e+00
2.490000e+01	2.520000e+01	2.910853e+02	2.910852e+02	2.910852e+02
2.520000e+01	2.550000e+01	2.910853e+02	2.910852e+02	2.910852e+02
2.550000e+01	2.580000e+01	0.000000e+00	0.000000e+00	0.000000e+00
2.580000e+01	2.610000e+01	0.000000e+00	0.000000e+00	0.000000e+00
2.610000e+01	2.640000e+01	0.000000e+00	0.000000e+00	0.000000e+00
2.640000e+01	2.670000e+01	0.000000e+00	0.000000e+00	0.000000e+00
2.670000e+01	2.700000e+01	0.000000e+00	0.000000e+00	0.000000e+00
2.700000e+01	2.730000e+01	0.000000e+00	0.000000e+00	0.000000e+00
2.730000e+01	2.760000e+01	0.000000e+00	0.000000e+00	0.000000e+00
2.760000e+01	2.790000e+01	0.000000e+00	0.000000e+00	0.000000e+00
2.790000e+01	2.820000e+01	0.000000e+00	0.000000e+00	0.000000e+00
2.820000e+01	2.850000e+01	0.000000e+00	0.000000e+00	0.000000e+00
2.850000e+01	2.880000e+01	0.000000e+00	0.000000e+00	0.000000e+00
2.880000e+01	2.910000e+01	0.000000e+00	0.000000e+00	0.000000e+00
2.910000e+01	2.940000e+01	0.000000e+00	0.000000e+00	0.000000e+00
2.940000e+01	2.970000e+01	0.000000e+00	0.000000e+00	0.000000e+00
2.970000e+01	3.000000e+01	0.000000e+00	0.000000e+00	0.000000e+00
# END HISTO1D

