# BEGIN PLOT
LegendOnly=//mt/home/fpauwels/Desktop/Project_Repo/Final-runs/rivet-plots-primary-particles/LHC_Pwave_2.yoda/MC_BC/h_rap_Bc //mt/home/fpauwels/Desktop/Project_Repo/Final-runs/rivet-plots-primary-particles/LHCBcs_2.yoda/MC_BC/h_rap_Bc
DrawOnly=//mt/home/fpauwels/Desktop/Project_Repo/Final-runs/rivet-plots-primary-particles/LHC_Pwave_2.yoda/MC_BC/h_rap_Bc //mt/home/fpauwels/Desktop/Project_Repo/Final-runs/rivet-plots-primary-particles/LHCBcs_2.yoda/MC_BC/h_rap_Bc
RatioPlotReference=//mt/home/fpauwels/Desktop/Project_Repo/Final-runs/rivet-plots-primary-particles/LHC_Pwave_2.yoda/MC_BC/h_rap_Bc
RatioPlot=1
LogY=1
RatioPlotYLabel=Ratio
Legend=1
# END PLOT

# BEGIN HISTO1D //mt/home/fpauwels/Desktop/Project_Repo/Final-runs/rivet-plots-primary-particles/LHC_Pwave_2.yoda/MC_BC/h_rap_Bc
LineColor=red
LineStyle=solid
Path=//mt/home/fpauwels/Desktop/Project_Repo/Final-runs/rivet-plots-primary-particles/LHC_Pwave_2.yoda/MC_BC/h_rap_Bc
ScaledBy=6.95641158762593818e+02
Title=$P$-wave
# xlow	 xhigh	 val	 errminus	 errplus
-1.000000e+01	-9.800000e+00	0.000000e+00	0.000000e+00	0.000000e+00
-9.800000e+00	-9.600000e+00	0.000000e+00	0.000000e+00	0.000000e+00
-9.600000e+00	-9.400000e+00	0.000000e+00	0.000000e+00	0.000000e+00
-9.400000e+00	-9.200000e+00	0.000000e+00	0.000000e+00	0.000000e+00
-9.200000e+00	-9.000000e+00	0.000000e+00	0.000000e+00	0.000000e+00
-9.000000e+00	-8.800000e+00	0.000000e+00	0.000000e+00	0.000000e+00
-8.800000e+00	-8.600000e+00	0.000000e+00	0.000000e+00	0.000000e+00
-8.600000e+00	-8.400000e+00	0.000000e+00	0.000000e+00	0.000000e+00
-8.400000e+00	-8.200000e+00	0.000000e+00	0.000000e+00	0.000000e+00
-8.200000e+00	-8.000000e+00	0.000000e+00	0.000000e+00	0.000000e+00
-8.000000e+00	-7.800000e+00	0.000000e+00	0.000000e+00	0.000000e+00
-7.800000e+00	-7.600000e+00	0.000000e+00	0.000000e+00	0.000000e+00
-7.600000e+00	-7.400000e+00	0.000000e+00	0.000000e+00	0.000000e+00
-7.400000e+00	-7.200000e+00	0.000000e+00	0.000000e+00	0.000000e+00
-7.200000e+00	-7.000000e+00	6.956415e+03	4.918926e+03	4.918926e+03
-7.000000e+00	-6.800000e+00	0.000000e+00	0.000000e+00	0.000000e+00
-6.800000e+00	-6.600000e+00	1.043461e+04	6.024429e+03	6.024429e+03
-6.600000e+00	-6.400000e+00	2.434745e+04	9.202467e+03	9.202467e+03
-6.400000e+00	-6.200000e+00	2.782565e+04	9.837852e+03	9.837852e+03
-6.200000e+00	-6.000000e+00	2.086923e+04	8.519828e+03	8.519828e+03
-6.000000e+00	-5.800000e+00	5.912950e+04	1.434101e+04	1.434101e+04
-5.800000e+00	-5.600000e+00	3.826026e+04	1.153590e+04	1.153590e+04
-5.600000e+00	-5.400000e+00	6.956410e+04	1.555501e+04	1.555501e+04
-5.400000e+00	-5.200000e+00	7.999875e+04	1.668089e+04	1.668089e+04
-5.200000e+00	-5.000000e+00	8.347695e+04	1.703966e+04	1.703966e+04
-5.000000e+00	-4.800000e+00	8.347695e+04	1.703966e+04	1.703966e+04
-4.800000e+00	-4.600000e+00	1.113026e+05	1.967570e+04	1.967570e+04
-4.600000e+00	-4.400000e+00	1.286936e+05	2.115710e+04	2.115710e+04
-4.400000e+00	-4.200000e+00	1.147808e+05	1.998077e+04	1.998077e+04
-4.200000e+00	-4.000000e+00	1.669538e+05	2.409772e+04	2.409772e+04
-4.000000e+00	-3.800000e+00	1.356500e+05	2.172139e+04	2.172139e+04
-3.800000e+00	-3.600000e+00	1.982577e+05	2.625988e+04	2.625988e+04
-3.600000e+00	-3.400000e+00	2.191269e+05	2.760740e+04	2.760740e+04
-3.400000e+00	-3.200000e+00	2.469526e+05	2.930789e+04	2.930789e+04
-3.200000e+00	-3.000000e+00	2.434744e+05	2.910076e+04	2.910076e+04
-3.000000e+00	-2.800000e+00	2.747782e+05	3.091497e+04	3.091497e+04
-2.800000e+00	-2.600000e+00	1.982578e+05	2.625988e+04	2.625988e+04
-2.600000e+00	-2.400000e+00	3.373859e+05	3.425635e+04	3.425635e+04
-2.400000e+00	-2.200000e+00	2.886911e+05	3.168796e+04	3.168796e+04
-2.200000e+00	-2.000000e+00	3.060821e+05	3.262847e+04	3.262847e+04
-2.000000e+00	-1.800000e+00	2.782565e+05	3.111002e+04	3.111002e+04
-1.800000e+00	-1.600000e+00	2.991257e+05	3.225556e+04	3.225556e+04
-1.600000e+00	-1.400000e+00	2.956475e+05	3.206748e+04	3.206748e+04
-1.400000e+00	-1.200000e+00	3.165168e+05	3.317997e+04	3.317997e+04
-1.200000e+00	-1.000000e+00	3.373860e+05	3.425636e+04	3.425636e+04
-1.000000e+00	-8.000000e-01	3.026039e+05	3.244255e+04	3.244255e+04
-8.000000e-01	-6.000000e-01	3.652116e+05	3.564101e+04	3.564101e+04
-6.000000e-01	-4.000000e-01	3.930373e+05	3.697384e+04	3.697384e+04
-4.000000e-01	-2.000000e-01	3.443424e+05	3.460771e+04	3.460771e+04
-2.000000e-01	0.000000e+00	2.504308e+05	2.951355e+04	2.951355e+04
0.000000e+00	2.000000e-01	2.852129e+05	3.149650e+04	3.149650e+04
2.000000e-01	4.000000e-01	2.608654e+05	3.012215e+04	3.012215e+04
4.000000e-01	6.000000e-01	3.304296e+05	3.390136e+04	3.390136e+04
6.000000e-01	8.000000e-01	3.686898e+05	3.581032e+04	3.581032e+04
8.000000e-01	1.000000e+00	3.199950e+05	3.336178e+04	3.336178e+04
1.000000e+00	1.200000e+00	3.269514e+05	3.372246e+04	3.372246e+04
1.200000e+00	1.400000e+00	3.478206e+05	3.478206e+04	3.478206e+04
1.400000e+00	1.600000e+00	2.434744e+05	2.910076e+04	2.910076e+04
1.600000e+00	1.800000e+00	3.130385e+05	3.299716e+04	3.299716e+04
1.800000e+00	2.000000e+00	3.443424e+05	3.460771e+04	3.460771e+04
2.000000e+00	2.200000e+00	3.443423e+05	3.460771e+04	3.460771e+04
2.200000e+00	2.400000e+00	2.365180e+05	2.868202e+04	2.868202e+04
2.400000e+00	2.600000e+00	2.260834e+05	2.804219e+04	2.804219e+04
2.600000e+00	2.800000e+00	1.878231e+05	2.555949e+04	2.555949e+04
2.800000e+00	3.000000e+00	2.399962e+05	2.889215e+04	2.889215e+04
3.000000e+00	3.200000e+00	2.052141e+05	2.671661e+04	2.671661e+04
3.200000e+00	3.400000e+00	2.052142e+05	2.671661e+04	2.671661e+04
3.400000e+00	3.600000e+00	1.530410e+05	2.307181e+04	2.307181e+04
3.600000e+00	3.800000e+00	1.739103e+05	2.459463e+04	2.459463e+04
3.800000e+00	4.000000e+00	1.913013e+05	2.579507e+04	2.579507e+04
4.000000e+00	4.200000e+00	1.252154e+05	2.086924e+04	2.086924e+04
4.200000e+00	4.400000e+00	1.495628e+05	2.280812e+04	2.280812e+04
4.400000e+00	4.600000e+00	1.252154e+05	2.086924e+04	2.086924e+04
4.600000e+00	4.800000e+00	8.695515e+04	1.739103e+04	1.739103e+04
4.800000e+00	5.000000e+00	9.391155e+04	1.807329e+04	1.807329e+04
5.000000e+00	5.200000e+00	1.078244e+05	1.936583e+04	1.936583e+04
5.200000e+00	5.400000e+00	7.304230e+04	1.593914e+04	1.593914e+04
5.400000e+00	5.600000e+00	9.043335e+04	1.773544e+04	1.773544e+04
5.600000e+00	5.800000e+00	5.217310e+04	1.347103e+04	1.347103e+04
5.800000e+00	6.000000e+00	4.173848e+04	1.204886e+04	1.204886e+04
6.000000e+00	6.200000e+00	4.521668e+04	1.254085e+04	1.254085e+04
6.200000e+00	6.400000e+00	2.782564e+04	9.837852e+03	9.837852e+03
6.400000e+00	6.600000e+00	1.043462e+04	6.024429e+03	6.024429e+03
6.600000e+00	6.800000e+00	4.173846e+04	1.204886e+04	1.204886e+04
6.800000e+00	7.000000e+00	1.043461e+04	6.024429e+03	6.024429e+03
7.000000e+00	7.200000e+00	3.478205e+03	3.478206e+03	3.478206e+03
7.200000e+00	7.400000e+00	0.000000e+00	0.000000e+00	0.000000e+00
7.400000e+00	7.600000e+00	0.000000e+00	0.000000e+00	0.000000e+00
7.600000e+00	7.800000e+00	0.000000e+00	0.000000e+00	0.000000e+00
7.800000e+00	8.000000e+00	0.000000e+00	0.000000e+00	0.000000e+00
8.000000e+00	8.200000e+00	0.000000e+00	0.000000e+00	0.000000e+00
8.200000e+00	8.400000e+00	0.000000e+00	0.000000e+00	0.000000e+00
8.400000e+00	8.600000e+00	0.000000e+00	0.000000e+00	0.000000e+00
8.600000e+00	8.800000e+00	0.000000e+00	0.000000e+00	0.000000e+00
8.800000e+00	9.000000e+00	0.000000e+00	0.000000e+00	0.000000e+00
9.000000e+00	9.200000e+00	0.000000e+00	0.000000e+00	0.000000e+00
9.200000e+00	9.400000e+00	0.000000e+00	0.000000e+00	0.000000e+00
9.400000e+00	9.600000e+00	0.000000e+00	0.000000e+00	0.000000e+00
9.600000e+00	9.800000e+00	0.000000e+00	0.000000e+00	0.000000e+00
9.800000e+00	1.000000e+01	0.000000e+00	0.000000e+00	0.000000e+00
# END HISTO1D


# BEGIN HISTO1D //mt/home/fpauwels/Desktop/Project_Repo/Final-runs/rivet-plots-primary-particles/LHCBcs_2.yoda/MC_BC/h_rap_Bc
LineColor=blue
LineStyle=solid
Path=//mt/home/fpauwels/Desktop/Project_Repo/Final-runs/rivet-plots-primary-particles/LHCBcs_2.yoda/MC_BC/h_rap_Bc
ScaledBy=2.78065367621722180e+03
Title=LHCBcs_2
# xlow	 xhigh	 val	 errminus	 errplus
-1.000000e+01	-9.800000e+00	0.000000e+00	0.000000e+00	0.000000e+00
-9.800000e+00	-9.600000e+00	0.000000e+00	0.000000e+00	0.000000e+00
-9.600000e+00	-9.400000e+00	0.000000e+00	0.000000e+00	0.000000e+00
-9.400000e+00	-9.200000e+00	0.000000e+00	0.000000e+00	0.000000e+00
-9.200000e+00	-9.000000e+00	0.000000e+00	0.000000e+00	0.000000e+00
-9.000000e+00	-8.800000e+00	0.000000e+00	0.000000e+00	0.000000e+00
-8.800000e+00	-8.600000e+00	0.000000e+00	0.000000e+00	0.000000e+00
-8.600000e+00	-8.400000e+00	0.000000e+00	0.000000e+00	0.000000e+00
-8.400000e+00	-8.200000e+00	0.000000e+00	0.000000e+00	0.000000e+00
-8.200000e+00	-8.000000e+00	0.000000e+00	0.000000e+00	0.000000e+00
-8.000000e+00	-7.800000e+00	0.000000e+00	0.000000e+00	0.000000e+00
-7.800000e+00	-7.600000e+00	0.000000e+00	0.000000e+00	0.000000e+00
-7.600000e+00	-7.400000e+00	0.000000e+00	0.000000e+00	0.000000e+00
-7.400000e+00	-7.200000e+00	0.000000e+00	0.000000e+00	0.000000e+00
-7.200000e+00	-7.000000e+00	1.390327e+04	1.390327e+04	1.390327e+04
-7.000000e+00	-6.800000e+00	0.000000e+00	0.000000e+00	0.000000e+00
-6.800000e+00	-6.600000e+00	2.780654e+04	1.966219e+04	1.966219e+04
-6.600000e+00	-6.400000e+00	1.390327e+04	1.390327e+04	1.390327e+04
-6.400000e+00	-6.200000e+00	2.780653e+04	1.966219e+04	1.966219e+04
-6.200000e+00	-6.000000e+00	4.170980e+04	2.408116e+04	2.408116e+04
-6.000000e+00	-5.800000e+00	9.732290e+04	3.678459e+04	3.678459e+04
-5.800000e+00	-5.600000e+00	6.951635e+04	3.108866e+04	3.108866e+04
-5.600000e+00	-5.400000e+00	6.951635e+04	3.108866e+04	3.108866e+04
-5.400000e+00	-5.200000e+00	9.732290e+04	3.678459e+04	3.678459e+04
-5.200000e+00	-5.000000e+00	1.112261e+05	3.932438e+04	3.932438e+04
-5.000000e+00	-4.800000e+00	6.951635e+04	3.108866e+04	3.108866e+04
-4.800000e+00	-4.600000e+00	1.390327e+05	4.396600e+04	4.396600e+04
-4.600000e+00	-4.400000e+00	1.390327e+05	4.396600e+04	4.396600e+04
-4.400000e+00	-4.200000e+00	1.668392e+05	4.816233e+04	4.816233e+04
-4.200000e+00	-4.000000e+00	1.390326e+05	4.396599e+04	4.396599e+04
-4.000000e+00	-3.800000e+00	2.224523e+05	5.561308e+04	5.561308e+04
-3.800000e+00	-3.600000e+00	2.919686e+05	6.371277e+04	6.371277e+04
-3.600000e+00	-3.400000e+00	2.502588e+05	5.898657e+04	5.898657e+04
-3.400000e+00	-3.200000e+00	2.085490e+05	5.384712e+04	5.384712e+04
-3.200000e+00	-3.000000e+00	2.919686e+05	6.371277e+04	6.371277e+04
-3.000000e+00	-2.800000e+00	2.502588e+05	5.898657e+04	5.898657e+04
-2.800000e+00	-2.600000e+00	2.224523e+05	5.561308e+04	5.561308e+04
-2.600000e+00	-2.400000e+00	3.475817e+05	6.951635e+04	6.951635e+04
-2.400000e+00	-2.200000e+00	3.197752e+05	6.667773e+04	6.667773e+04
-2.200000e+00	-2.000000e+00	4.727111e+05	8.106929e+04	8.106929e+04
-2.000000e+00	-1.800000e+00	2.919687e+05	6.371277e+04	6.371277e+04
-1.800000e+00	-1.600000e+00	3.614850e+05	7.089304e+04	7.089304e+04
-1.600000e+00	-1.400000e+00	3.336784e+05	6.811182e+04	6.811182e+04
-1.400000e+00	-1.200000e+00	3.892915e+05	7.356919e+04	7.356919e+04
-1.200000e+00	-1.000000e+00	3.336785e+05	6.811182e+04	6.811182e+04
-1.000000e+00	-8.000000e-01	3.475817e+05	6.951635e+04	6.951635e+04
-8.000000e-01	-6.000000e-01	4.588078e+05	7.986819e+04	7.986819e+04
-6.000000e-01	-4.000000e-01	3.475817e+05	6.951635e+04	6.951635e+04
-4.000000e-01	-2.000000e-01	4.170980e+05	7.615135e+04	7.615135e+04
-2.000000e-01	0.000000e+00	3.614850e+05	7.089304e+04	7.089304e+04
0.000000e+00	2.000000e-01	3.892915e+05	7.356919e+04	7.356919e+04
2.000000e-01	4.000000e-01	2.641621e+05	6.060295e+04	6.060295e+04
4.000000e-01	6.000000e-01	5.422275e+05	8.682589e+04	8.682589e+04
6.000000e-01	8.000000e-01	4.588078e+05	7.986820e+04	7.986820e+04
8.000000e-01	1.000000e+00	2.919686e+05	6.371277e+04	6.371277e+04
1.000000e+00	1.200000e+00	3.058719e+05	6.521212e+04	6.521212e+04
1.200000e+00	1.400000e+00	4.588079e+05	7.986820e+04	7.986820e+04
1.400000e+00	1.600000e+00	2.780653e+05	6.217731e+04	6.217731e+04
1.600000e+00	1.800000e+00	4.031948e+05	7.487139e+04	7.487139e+04
1.800000e+00	2.000000e+00	3.475817e+05	6.951635e+04	6.951635e+04
2.000000e+00	2.200000e+00	2.919686e+05	6.371277e+04	6.371277e+04
2.200000e+00	2.400000e+00	2.363556e+05	5.732465e+04	5.732465e+04
2.400000e+00	2.600000e+00	2.641621e+05	6.060295e+04	6.060295e+04
2.600000e+00	2.800000e+00	2.641621e+05	6.060295e+04	6.060295e+04
2.800000e+00	3.000000e+00	4.170980e+05	7.615135e+04	7.615135e+04
3.000000e+00	3.200000e+00	1.807425e+05	5.012896e+04	5.012896e+04
3.200000e+00	3.400000e+00	2.780654e+05	6.217731e+04	6.217731e+04
3.400000e+00	3.600000e+00	3.058719e+05	6.521212e+04	6.521212e+04
3.600000e+00	3.800000e+00	1.668392e+05	4.816234e+04	4.816234e+04
3.800000e+00	4.000000e+00	1.529359e+05	4.611192e+04	4.611192e+04
4.000000e+00	4.200000e+00	1.807425e+05	5.012896e+04	5.012896e+04
4.200000e+00	4.400000e+00	2.085490e+05	5.384712e+04	5.384712e+04
4.400000e+00	4.600000e+00	1.251294e+05	4.170980e+04	4.170980e+04
4.600000e+00	4.800000e+00	1.390327e+05	4.396600e+04	4.396600e+04
4.800000e+00	5.000000e+00	1.529359e+05	4.611193e+04	4.611193e+04
5.000000e+00	5.200000e+00	1.112261e+05	3.932438e+04	3.932438e+04
5.200000e+00	5.400000e+00	2.780654e+04	1.966219e+04	1.966219e+04
5.400000e+00	5.600000e+00	8.341960e+04	3.405591e+04	3.405591e+04
5.600000e+00	5.800000e+00	5.561305e+04	2.780654e+04	2.780654e+04
5.800000e+00	6.000000e+00	9.732290e+04	3.678459e+04	3.678459e+04
6.000000e+00	6.200000e+00	8.341960e+04	3.405591e+04	3.405591e+04
6.200000e+00	6.400000e+00	4.170980e+04	2.408116e+04	2.408116e+04
6.400000e+00	6.600000e+00	1.390328e+04	1.390327e+04	1.390327e+04
6.600000e+00	6.800000e+00	1.390326e+04	1.390327e+04	1.390327e+04
6.800000e+00	7.000000e+00	0.000000e+00	0.000000e+00	0.000000e+00
7.000000e+00	7.200000e+00	0.000000e+00	0.000000e+00	0.000000e+00
7.200000e+00	7.400000e+00	0.000000e+00	0.000000e+00	0.000000e+00
7.400000e+00	7.600000e+00	0.000000e+00	0.000000e+00	0.000000e+00
7.600000e+00	7.800000e+00	0.000000e+00	0.000000e+00	0.000000e+00
7.800000e+00	8.000000e+00	0.000000e+00	0.000000e+00	0.000000e+00
8.000000e+00	8.200000e+00	0.000000e+00	0.000000e+00	0.000000e+00
8.200000e+00	8.400000e+00	0.000000e+00	0.000000e+00	0.000000e+00
8.400000e+00	8.600000e+00	0.000000e+00	0.000000e+00	0.000000e+00
8.600000e+00	8.800000e+00	0.000000e+00	0.000000e+00	0.000000e+00
8.800000e+00	9.000000e+00	0.000000e+00	0.000000e+00	0.000000e+00
9.000000e+00	9.200000e+00	0.000000e+00	0.000000e+00	0.000000e+00
9.200000e+00	9.400000e+00	0.000000e+00	0.000000e+00	0.000000e+00
9.400000e+00	9.600000e+00	0.000000e+00	0.000000e+00	0.000000e+00
9.600000e+00	9.800000e+00	0.000000e+00	0.000000e+00	0.000000e+00
9.800000e+00	1.000000e+01	0.000000e+00	0.000000e+00	0.000000e+00
# END HISTO1D

