# BEGIN PLOT
LegendOnly=//mt/home/fpauwels/Desktop/Project_Repo/Images for VM/P_T/LHC.yoda/MC_BC_comparison/h_eta_ratio
XLabel=$\eta$
YLabel=$\frac{f_{c}}{f_{u}+f_{d}}$
DrawOnly=//mt/home/fpauwels/Desktop/Project_Repo/Images for VM/P_T/LHC.yoda/MC_BC_comparison/h_eta_ratio
Title=Production Cross section ratio $\frac{f_{c}}{f_{u}+f_{d}}$ against pseudorapidity
Legend=1
LogY=0
# END PLOT

# BEGIN HISTO1D //mt/home/fpauwels/Desktop/Project_Repo/Images for VM/P_T/LHC.yoda/MC_BC_comparison/h_eta_ratio
LineColor=red
LineStyle=solid
Path=//mt/home/fpauwels/Desktop/Project_Repo/Images for VM/P_T/LHC.yoda/MC_BC_comparison/h_eta_ratio
Title=LHC
# xlow	 xhigh	 val	 errminus	 errplus
2.000000e+00	2.030000e+00	nan	nan	nan
2.030000e+00	2.060000e+00	nan	nan	nan
2.060000e+00	2.090000e+00	nan	nan	nan
2.090000e+00	2.120000e+00	nan	nan	nan
2.120000e+00	2.150000e+00	nan	nan	nan
2.150000e+00	2.180000e+00	nan	nan	nan
2.180000e+00	2.210000e+00	nan	nan	nan
2.210000e+00	2.240000e+00	nan	nan	nan
2.240000e+00	2.270000e+00	nan	nan	nan
2.270000e+00	2.300000e+00	nan	nan	nan
2.300000e+00	2.330000e+00	nan	nan	nan
2.330000e+00	2.360000e+00	nan	nan	nan
2.360000e+00	2.390000e+00	nan	nan	nan
2.390000e+00	2.420000e+00	nan	nan	nan
2.420000e+00	2.450000e+00	nan	nan	nan
2.450000e+00	2.480000e+00	nan	nan	nan
2.480000e+00	2.510000e+00	4.329004e-03	4.338364e-03	4.338364e-03
2.510000e+00	2.540000e+00	0.000000e+00	0.000000e+00	0.000000e+00
2.540000e+00	2.570000e+00	1.557632e-03	1.558845e-03	1.558845e-03
2.570000e+00	2.600000e+00	1.631321e-03	1.632651e-03	1.632651e-03
2.600000e+00	2.630000e+00	1.600000e-03	1.601279e-03	1.601279e-03
2.630000e+00	2.660000e+00	1.706485e-03	1.707940e-03	1.707940e-03
2.660000e+00	2.690000e+00	4.464286e-03	2.583203e-03	2.583203e-03
2.690000e+00	2.720000e+00	1.675042e-03	1.676444e-03	1.676444e-03
2.720000e+00	2.750000e+00	3.424658e-03	2.425742e-03	2.425742e-03
2.750000e+00	2.780000e+00	5.145798e-03	2.978562e-03	2.978562e-03
2.780000e+00	2.810000e+00	0.000000e+00	0.000000e+00	0.000000e+00
2.810000e+00	2.840000e+00	0.000000e+00	0.000000e+00	0.000000e+00
2.840000e+00	2.870000e+00	0.000000e+00	0.000000e+00	0.000000e+00
2.870000e+00	2.900000e+00	0.000000e+00	0.000000e+00	0.000000e+00
2.900000e+00	2.930000e+00	1.742160e-03	1.743677e-03	1.743677e-03
2.930000e+00	2.960000e+00	0.000000e+00	0.000000e+00	0.000000e+00
2.960000e+00	2.990000e+00	3.898635e-03	2.762120e-03	2.762120e-03
2.990000e+00	3.020000e+00	3.521127e-03	2.494192e-03	2.494192e-03
3.020000e+00	3.050000e+00	1.818182e-03	1.819834e-03	1.819834e-03
3.050000e+00	3.080000e+00	5.692600e-03	3.295965e-03	3.295965e-03
3.080000e+00	3.110000e+00	0.000000e+00	0.000000e+00	0.000000e+00
3.110000e+00	3.140000e+00	0.000000e+00	0.000000e+00	0.000000e+00
3.140000e+00	3.170000e+00	0.000000e+00	0.000000e+00	0.000000e+00
3.170000e+00	3.200000e+00	1.937984e-03	1.939861e-03	1.939861e-03
3.200000e+00	3.230000e+00	0.000000e+00	0.000000e+00	0.000000e+00
3.230000e+00	3.260000e+00	6.802721e-03	3.940889e-03	3.940889e-03
3.260000e+00	3.290000e+00	2.083333e-03	2.085502e-03	2.085502e-03
3.290000e+00	3.320000e+00	0.000000e+00	0.000000e+00	0.000000e+00
3.320000e+00	3.350000e+00	0.000000e+00	0.000000e+00	0.000000e+00
3.350000e+00	3.380000e+00	0.000000e+00	0.000000e+00	0.000000e+00
3.380000e+00	3.410000e+00	0.000000e+00	0.000000e+00	0.000000e+00
3.410000e+00	3.440000e+00	0.000000e+00	0.000000e+00	0.000000e+00
3.440000e+00	3.470000e+00	0.000000e+00	0.000000e+00	0.000000e+00
3.470000e+00	3.500000e+00	0.000000e+00	0.000000e+00	0.000000e+00
3.500000e+00	3.530000e+00	0.000000e+00	0.000000e+00	0.000000e+00
3.530000e+00	3.560000e+00	2.392344e-03	2.395204e-03	2.395204e-03
3.560000e+00	3.590000e+00	0.000000e+00	0.000000e+00	0.000000e+00
3.590000e+00	3.620000e+00	0.000000e+00	0.000000e+00	0.000000e+00
3.620000e+00	3.650000e+00	5.813953e-03	4.123019e-03	4.123019e-03
3.650000e+00	3.680000e+00	0.000000e+00	0.000000e+00	0.000000e+00
3.680000e+00	3.710000e+00	0.000000e+00	0.000000e+00	0.000000e+00
3.710000e+00	3.740000e+00	2.793296e-03	2.797195e-03	2.797195e-03
3.740000e+00	3.770000e+00	0.000000e+00	0.000000e+00	0.000000e+00
3.770000e+00	3.800000e+00	0.000000e+00	0.000000e+00	0.000000e+00
3.800000e+00	3.830000e+00	2.739726e-03	2.743477e-03	2.743477e-03
3.830000e+00	3.860000e+00	0.000000e+00	0.000000e+00	0.000000e+00
3.860000e+00	3.890000e+00	3.067485e-03	3.072186e-03	3.072186e-03
3.890000e+00	3.920000e+00	2.994012e-03	2.998491e-03	2.998491e-03
3.920000e+00	3.950000e+00	0.000000e+00	0.000000e+00	0.000000e+00
3.950000e+00	3.980000e+00	0.000000e+00	0.000000e+00	0.000000e+00
3.980000e+00	4.010000e+00	0.000000e+00	0.000000e+00	0.000000e+00
4.010000e+00	4.040000e+00	0.000000e+00	0.000000e+00	0.000000e+00
4.040000e+00	4.070000e+00	0.000000e+00	0.000000e+00	0.000000e+00
4.070000e+00	4.100000e+00	3.115265e-03	3.120113e-03	3.120113e-03
4.100000e+00	4.130000e+00	0.000000e+00	0.000000e+00	0.000000e+00
4.130000e+00	4.160000e+00	3.636364e-03	3.642969e-03	3.642969e-03
4.160000e+00	4.190000e+00	0.000000e+00	0.000000e+00	0.000000e+00
4.190000e+00	4.220000e+00	0.000000e+00	0.000000e+00	0.000000e+00
4.220000e+00	4.250000e+00	0.000000e+00	0.000000e+00	0.000000e+00
4.250000e+00	4.280000e+00	0.000000e+00	0.000000e+00	0.000000e+00
4.280000e+00	4.310000e+00	3.584229e-03	3.590647e-03	3.590647e-03
4.310000e+00	4.340000e+00	3.952569e-03	3.960373e-03	3.960373e-03
4.340000e+00	4.370000e+00	0.000000e+00	0.000000e+00	0.000000e+00
4.370000e+00	4.400000e+00	0.000000e+00	0.000000e+00	0.000000e+00
4.400000e+00	4.430000e+00	5.076142e-03	5.089009e-03	5.089009e-03
4.430000e+00	4.460000e+00	4.048583e-03	4.056770e-03	4.056770e-03
4.460000e+00	4.490000e+00	0.000000e+00	0.000000e+00	0.000000e+00
4.490000e+00	4.520000e+00	0.000000e+00	0.000000e+00	0.000000e+00
4.520000e+00	4.550000e+00	nan	nan	nan
4.550000e+00	4.580000e+00	nan	nan	nan
4.580000e+00	4.610000e+00	nan	nan	nan
4.610000e+00	4.640000e+00	nan	nan	nan
4.640000e+00	4.670000e+00	nan	nan	nan
4.670000e+00	4.700000e+00	nan	nan	nan
4.700000e+00	4.730000e+00	nan	nan	nan
4.730000e+00	4.760000e+00	nan	nan	nan
4.760000e+00	4.790000e+00	nan	nan	nan
4.790000e+00	4.820000e+00	nan	nan	nan
4.820000e+00	4.850000e+00	nan	nan	nan
4.850000e+00	4.880000e+00	nan	nan	nan
4.880000e+00	4.910000e+00	nan	nan	nan
4.910000e+00	4.940000e+00	nan	nan	nan
4.940000e+00	4.970000e+00	nan	nan	nan
4.970000e+00	5.000000e+00	nan	nan	nan
# END HISTO1D

