# BEGIN PLOT
LegendOnly=//mt/home/fpauwels/Desktop/Project_Repo/B_c/Comparison/LHC.yoda/MC_BC_comparison/h_pT_B0
XLabel=$p_\perp$ [GeV]
YLabel=Number of Particles
DrawOnly=//mt/home/fpauwels/Desktop/Project_Repo/B_c/Comparison/LHC.yoda/MC_BC_comparison/h_pT_B0
Title=Total number of $B^0$ and $B^{+}$ particles present in the simulation against $p_\perp$
Legend=1
LogY=0
# END PLOT

# BEGIN HISTO1D //mt/home/fpauwels/Desktop/Project_Repo/B_c/Comparison/LHC.yoda/MC_BC_comparison/h_pT_B0
ConnectBins=0
ErrorBars=1
LineColor=red
LineStyle=solid
Path=//mt/home/fpauwels/Desktop/Project_Repo/B_c/Comparison/LHC.yoda/MC_BC_comparison/h_pT_B0
ScaledBy=6.95034909757283231e+02
Title=LHC
# xlow	 xhigh	 val	 errminus	 errplus
4.000000e+00	4.220000e+00	0.000000e+00	0.000000e+00	0.000000e+00
4.220000e+00	4.440000e+00	0.000000e+00	0.000000e+00	0.000000e+00
4.440000e+00	4.660000e+00	0.000000e+00	0.000000e+00	0.000000e+00
4.660000e+00	4.880000e+00	0.000000e+00	0.000000e+00	0.000000e+00
4.880000e+00	5.100000e+00	1.083623e+06	5.851012e+04	5.851012e+04
5.100000e+00	5.320000e+00	2.555833e+06	8.985830e+04	8.985830e+04
5.320000e+00	5.540000e+00	2.366278e+06	8.646192e+04	8.646192e+04
5.540000e+00	5.760000e+00	2.451578e+06	8.800652e+04	8.800652e+04
5.760000e+00	5.980000e+00	2.157767e+06	8.256468e+04	8.256468e+04
5.980000e+00	6.200000e+00	2.123016e+06	8.189711e+04	8.189711e+04
6.200000e+00	6.420000e+00	2.075627e+06	8.097792e+04	8.097792e+04
6.420000e+00	6.640000e+00	1.977690e+06	7.904440e+04	7.904440e+04
6.640000e+00	6.860000e+00	1.952416e+06	7.853769e+04	7.853769e+04
6.860000e+00	7.080000e+00	1.747065e+06	7.429277e+04	7.429277e+04
7.080000e+00	7.300000e+00	1.873435e+06	7.693275e+04	7.693275e+04
7.300000e+00	7.520000e+00	1.807091e+06	7.555827e+04	7.555827e+04
7.520000e+00	7.740000e+00	1.816569e+06	7.575615e+04	7.575615e+04
7.740000e+00	7.960000e+00	1.908187e+06	7.764302e+04	7.764302e+04
7.960000e+00	8.180000e+00	1.775498e+06	7.489487e+04	7.489487e+04
8.180000e+00	8.400000e+00	1.980850e+06	7.910751e+04	7.910751e+04
8.400000e+00	8.620000e+00	1.762861e+06	7.462786e+04	7.462786e+04
8.620000e+00	8.840000e+00	1.810250e+06	7.562428e+04	7.562428e+04
8.840000e+00	9.060000e+00	2.002964e+06	7.954787e+04	7.954787e+04
9.060000e+00	9.280000e+00	1.762861e+06	7.462786e+04	7.462786e+04
9.280000e+00	9.500000e+00	2.015601e+06	7.979842e+04	7.979842e+04
9.500000e+00	9.720000e+00	1.743906e+06	7.422556e+04	7.422556e+04
9.720000e+00	9.940000e+00	1.898709e+06	7.744996e+04	7.744996e+04
9.940000e+00	1.016000e+01	1.778658e+06	7.496148e+04	7.496148e+04
1.016000e+01	1.038000e+01	1.750224e+06	7.435990e+04	7.435990e+04
1.038000e+01	1.060000e+01	1.854480e+06	7.654257e+04	7.654257e+04
1.060000e+01	1.082000e+01	1.724950e+06	7.382105e+04	7.382105e+04
1.082000e+01	1.104000e+01	1.762861e+06	7.462786e+04	7.462786e+04
1.104000e+01	1.126000e+01	1.544873e+06	6.986158e+04	6.986158e+04
1.126000e+01	1.148000e+01	1.604899e+06	7.120588e+04	7.120588e+04
1.148000e+01	1.170000e+01	1.737587e+06	7.409096e+04	7.409096e+04
1.170000e+01	1.192000e+01	1.538555e+06	6.971856e+04	6.971856e+04
1.192000e+01	1.214000e+01	1.465892e+06	6.805232e+04	6.805232e+04
1.214000e+01	1.236000e+01	1.421662e+06	6.701781e+04	6.701781e+04
1.236000e+01	1.258000e+01	1.298451e+06	6.404789e+04	6.404789e+04
1.258000e+01	1.280000e+01	1.273178e+06	6.342149e+04	6.342149e+04
1.280000e+01	1.302000e+01	1.270018e+06	6.334276e+04	6.334276e+04
1.302000e+01	1.324000e+01	1.187878e+06	6.126011e+04	6.126011e+04
1.324000e+01	1.346000e+01	1.077304e+06	5.833929e+04	5.833929e+04
1.346000e+01	1.368000e+01	1.178400e+06	6.101524e+04	6.101524e+04
1.368000e+01	1.390000e+01	9.604118e+05	5.508341e+04	5.508341e+04
1.390000e+01	1.412000e+01	9.825268e+05	5.571398e+04	5.571398e+04
1.412000e+01	1.434000e+01	9.572527e+05	5.499273e+04	5.499273e+04
1.434000e+01	1.456000e+01	8.087677e+05	5.054799e+04	5.054799e+04
1.456000e+01	1.478000e+01	9.098641e+05	5.361425e+04	5.361425e+04
1.478000e+01	1.500000e+01	7.645382e+05	4.914639e+04	4.914639e+04
1.500000e+01	1.522000e+01	7.076718e+05	4.728332e+04	4.728332e+04
1.522000e+01	1.544000e+01	7.013532e+05	4.707175e+04	4.707175e+04
1.544000e+01	1.566000e+01	5.813018e+05	4.285415e+04	4.285415e+04
1.566000e+01	1.588000e+01	6.476464e+05	4.523357e+04	4.523357e+04
1.588000e+01	1.610000e+01	6.444868e+05	4.512311e+04	4.512311e+04
1.610000e+01	1.632000e+01	5.591873e+05	4.203108e+04	4.203108e+04
1.632000e+01	1.654000e+01	5.370723e+05	4.119158e+04	4.119158e+04
1.654000e+01	1.676000e+01	5.465500e+05	4.155344e+04	4.155344e+04
1.676000e+01	1.698000e+01	5.718241e+05	4.250336e+04	4.250336e+04
1.698000e+01	1.720000e+01	4.264987e+05	3.670716e+04	3.670716e+04
1.720000e+01	1.742000e+01	4.802059e+05	3.894985e+04	3.894985e+04
1.742000e+01	1.764000e+01	4.201802e+05	3.643424e+04	3.643424e+04
1.764000e+01	1.786000e+01	3.791100e+05	3.460784e+04	3.460784e+04
1.786000e+01	1.808000e+01	3.538360e+05	3.343435e+04	3.343435e+04
1.808000e+01	1.830000e+01	3.854285e+05	3.489505e+04	3.489505e+04
1.830000e+01	1.852000e+01	3.854285e+05	3.489505e+04	3.489505e+04
1.852000e+01	1.874000e+01	3.222435e+05	3.190686e+04	3.190686e+04
1.874000e+01	1.896000e+01	2.969695e+05	3.063006e+04	3.063006e+04
1.896000e+01	1.918000e+01	3.348805e+05	3.252646e+04	3.252646e+04
1.918000e+01	1.940000e+01	2.938102e+05	3.046670e+04	3.046670e+04
1.940000e+01	1.962000e+01	2.748547e+05	2.946752e+04	2.946752e+04
1.962000e+01	1.984000e+01	2.432622e+05	2.772230e+04	2.772230e+04
1.984000e+01	2.006000e+01	2.306252e+05	2.699264e+04	2.699264e+04
2.006000e+01	2.028000e+01	2.558992e+05	2.843325e+04	2.843325e+04
2.028000e+01	2.050000e+01	2.274660e+05	2.680712e+04	2.680712e+04
2.050000e+01	2.072000e+01	2.116697e+05	2.585957e+04	2.585957e+04
2.072000e+01	2.094000e+01	1.674402e+05	2.299969e+04	2.299969e+04
2.094000e+01	2.116000e+01	2.116697e+05	2.585957e+04	2.585957e+04
2.116000e+01	2.138000e+01	1.863957e+05	2.426666e+04	2.426666e+04
2.138000e+01	2.160000e+01	1.548032e+05	2.211475e+04	2.211475e+04
2.160000e+01	2.182000e+01	1.990327e+05	2.507577e+04	2.507577e+04
2.182000e+01	2.204000e+01	1.705995e+05	2.321565e+04	2.321565e+04
2.204000e+01	2.226000e+01	1.453255e+05	2.142707e+04	2.142707e+04
2.226000e+01	2.248000e+01	1.737587e+05	2.342962e+04	2.342962e+04
2.248000e+01	2.270000e+01	1.421662e+05	2.119289e+04	2.119289e+04
2.270000e+01	2.292000e+01	1.295292e+05	2.022907e+04	2.022907e+04
2.292000e+01	2.314000e+01	1.137330e+05	1.895550e+04	1.895550e+04
2.314000e+01	2.336000e+01	1.390070e+05	2.095609e+04	2.095609e+04
2.336000e+01	2.358000e+01	1.295292e+05	2.022907e+04	2.022907e+04
2.358000e+01	2.380000e+01	1.232107e+05	1.972951e+04	1.972951e+04
2.380000e+01	2.402000e+01	1.010960e+05	1.787141e+04	1.787141e+04
2.402000e+01	2.424000e+01	1.074145e+05	1.842143e+04	1.842143e+04
2.424000e+01	2.446000e+01	1.010960e+05	1.787141e+04	1.787141e+04
2.446000e+01	2.468000e+01	1.326885e+05	2.047428e+04	2.047428e+04
2.468000e+01	2.490000e+01	9.161823e+04	1.701308e+04	1.701308e+04
2.490000e+01	2.512000e+01	3.475175e+04	1.047805e+04	1.047805e+04
2.512000e+01	2.534000e+01	0.000000e+00	0.000000e+00	0.000000e+00
2.534000e+01	2.556000e+01	0.000000e+00	0.000000e+00	0.000000e+00
2.556000e+01	2.578000e+01	0.000000e+00	0.000000e+00	0.000000e+00
2.578000e+01	2.600000e+01	0.000000e+00	0.000000e+00	0.000000e+00
# END HISTO1D

