# BEGIN PLOT
LegendOnly=//mt/home/fpauwels/Desktop/Project_Repo/B_c/Comparison/LHC.yoda/MC_BC_comparison/h_pT_ratio
DrawOnly=//mt/home/fpauwels/Desktop/Project_Repo/B_c/Comparison/LHC.yoda/MC_BC_comparison/h_pT_ratio
Title=Production Cross section ratio $\frac{f_{c}}{f_{u}+f_{d}}$ against $p_\perp$
ConnectGaps=0
LogY=0
Legend=1
# END PLOT

# BEGIN HISTO1D //mt/home/fpauwels/Desktop/Project_Repo/B_c/Comparison/LHC.yoda/MC_BC_comparison/h_pT_ratio
ConnectBins=0
ConnectGaps=0
ErrorBars=1
LineColor=red
LineStyle=solid
LogY=0
Path=//mt/home/fpauwels/Desktop/Project_Repo/B_c/Comparison/LHC.yoda/MC_BC_comparison/h_pT_ratio
Title=LHC
XLabel=$p_\perp$[GeV]
XMax=15
YLabel=$\frac{f_{c}}{f_{u}+f_{d}}$
# xlow	 xhigh	 val	 errminus	 errplus
4.000000e+00	4.220000e+00	nan	nan	nan
4.220000e+00	4.440000e+00	nan	nan	nan
4.440000e+00	4.660000e+00	nan	nan	nan
4.660000e+00	4.880000e+00	nan	nan	nan
4.880000e+00	5.100000e+00	5.830904e-03	4.135075e-03	4.135075e-03
5.100000e+00	5.320000e+00	1.236094e-03	1.236858e-03	1.236858e-03
5.320000e+00	5.540000e+00	0.000000e+00	0.000000e+00	0.000000e+00
5.540000e+00	5.760000e+00	1.288660e-03	1.289490e-03	1.289490e-03
5.760000e+00	5.980000e+00	0.000000e+00	0.000000e+00	0.000000e+00
5.980000e+00	6.200000e+00	1.488095e-03	1.489202e-03	1.489202e-03
6.200000e+00	6.420000e+00	1.522070e-03	1.523228e-03	1.523228e-03
6.420000e+00	6.640000e+00	3.194888e-03	2.262733e-03	2.262733e-03
6.640000e+00	6.860000e+00	3.236246e-03	2.292071e-03	2.292071e-03
6.860000e+00	7.080000e+00	0.000000e+00	0.000000e+00	0.000000e+00
7.080000e+00	7.300000e+00	1.686341e-03	1.687762e-03	1.687762e-03
7.300000e+00	7.520000e+00	0.000000e+00	0.000000e+00	0.000000e+00
7.520000e+00	7.740000e+00	1.739130e-03	1.740642e-03	1.740642e-03
7.740000e+00	7.960000e+00	0.000000e+00	0.000000e+00	0.000000e+00
7.960000e+00	8.180000e+00	1.779359e-03	1.780942e-03	1.780942e-03
8.180000e+00	8.400000e+00	1.594896e-03	1.596168e-03	1.596168e-03
8.400000e+00	8.620000e+00	3.584229e-03	2.538971e-03	2.538971e-03
8.620000e+00	8.840000e+00	5.235602e-03	3.030679e-03	3.030679e-03
8.840000e+00	9.060000e+00	0.000000e+00	0.000000e+00	0.000000e+00
9.060000e+00	9.280000e+00	3.584229e-03	2.538971e-03	2.538971e-03
9.280000e+00	9.500000e+00	1.567398e-03	1.568626e-03	1.568626e-03
9.500000e+00	9.720000e+00	0.000000e+00	0.000000e+00	0.000000e+00
9.720000e+00	9.940000e+00	3.327787e-03	2.357013e-03	2.357013e-03
9.940000e+00	1.016000e+01	0.000000e+00	0.000000e+00	0.000000e+00
1.016000e+01	1.038000e+01	1.805054e-03	1.806683e-03	1.806683e-03
1.038000e+01	1.060000e+01	1.703578e-03	1.705028e-03	1.705028e-03
1.060000e+01	1.082000e+01	1.831502e-03	1.833178e-03	1.833178e-03
1.082000e+01	1.104000e+01	0.000000e+00	0.000000e+00	0.000000e+00
1.104000e+01	1.126000e+01	2.044990e-03	2.047080e-03	2.047080e-03
1.126000e+01	1.148000e+01	0.000000e+00	0.000000e+00	0.000000e+00
1.148000e+01	1.170000e+01	1.818182e-03	1.819834e-03	1.819834e-03
1.170000e+01	1.192000e+01	2.053388e-03	2.055495e-03	2.055495e-03
1.192000e+01	1.214000e+01	0.000000e+00	0.000000e+00	0.000000e+00
1.214000e+01	1.236000e+01	0.000000e+00	0.000000e+00	0.000000e+00
1.236000e+01	1.258000e+01	0.000000e+00	0.000000e+00	0.000000e+00
1.258000e+01	1.280000e+01	2.481390e-03	2.484466e-03	2.484466e-03
1.280000e+01	1.302000e+01	0.000000e+00	0.000000e+00	0.000000e+00
1.302000e+01	1.324000e+01	0.000000e+00	0.000000e+00	0.000000e+00
1.324000e+01	1.346000e+01	0.000000e+00	0.000000e+00	0.000000e+00
1.346000e+01	1.368000e+01	0.000000e+00	0.000000e+00	0.000000e+00
1.368000e+01	1.390000e+01	6.578947e-03	4.667296e-03	4.667296e-03
1.390000e+01	1.412000e+01	0.000000e+00	0.000000e+00	0.000000e+00
1.412000e+01	1.434000e+01	3.300330e-03	3.305772e-03	3.305772e-03
1.434000e+01	1.456000e+01	3.906250e-03	3.913872e-03	3.913872e-03
1.456000e+01	1.478000e+01	0.000000e+00	0.000000e+00	0.000000e+00
1.478000e+01	1.500000e+01	4.132231e-03	4.140760e-03	4.140760e-03
1.500000e+01	1.522000e+01	0.000000e+00	0.000000e+00	0.000000e+00
1.522000e+01	1.544000e+01	0.000000e+00	0.000000e+00	0.000000e+00
1.544000e+01	1.566000e+01	0.000000e+00	0.000000e+00	0.000000e+00
1.566000e+01	1.588000e+01	0.000000e+00	0.000000e+00	0.000000e+00
1.588000e+01	1.610000e+01	0.000000e+00	0.000000e+00	0.000000e+00
1.610000e+01	1.632000e+01	0.000000e+00	0.000000e+00	0.000000e+00
1.632000e+01	1.654000e+01	0.000000e+00	0.000000e+00	0.000000e+00
1.654000e+01	1.676000e+01	5.780347e-03	5.797029e-03	5.797029e-03
1.676000e+01	1.698000e+01	0.000000e+00	0.000000e+00	0.000000e+00
1.698000e+01	1.720000e+01	0.000000e+00	0.000000e+00	0.000000e+00
1.720000e+01	1.742000e+01	6.578947e-03	6.600553e-03	6.600553e-03
1.742000e+01	1.764000e+01	0.000000e+00	0.000000e+00	0.000000e+00
1.764000e+01	1.786000e+01	0.000000e+00	0.000000e+00	0.000000e+00
1.786000e+01	1.808000e+01	0.000000e+00	0.000000e+00	0.000000e+00
1.808000e+01	1.830000e+01	0.000000e+00	0.000000e+00	0.000000e+00
1.830000e+01	1.852000e+01	0.000000e+00	0.000000e+00	0.000000e+00
1.852000e+01	1.874000e+01	0.000000e+00	0.000000e+00	0.000000e+00
1.874000e+01	1.896000e+01	0.000000e+00	0.000000e+00	0.000000e+00
1.896000e+01	1.918000e+01	0.000000e+00	0.000000e+00	0.000000e+00
1.918000e+01	1.940000e+01	0.000000e+00	0.000000e+00	0.000000e+00
1.940000e+01	1.962000e+01	0.000000e+00	0.000000e+00	0.000000e+00
1.962000e+01	1.984000e+01	0.000000e+00	0.000000e+00	0.000000e+00
1.984000e+01	2.006000e+01	1.369863e-02	1.379214e-02	1.379214e-02
2.006000e+01	2.028000e+01	0.000000e+00	0.000000e+00	0.000000e+00
2.028000e+01	2.050000e+01	0.000000e+00	0.000000e+00	0.000000e+00
2.050000e+01	2.072000e+01	0.000000e+00	0.000000e+00	0.000000e+00
2.072000e+01	2.094000e+01	0.000000e+00	0.000000e+00	0.000000e+00
2.094000e+01	2.116000e+01	0.000000e+00	0.000000e+00	0.000000e+00
2.116000e+01	2.138000e+01	0.000000e+00	0.000000e+00	0.000000e+00
2.138000e+01	2.160000e+01	0.000000e+00	0.000000e+00	0.000000e+00
2.160000e+01	2.182000e+01	0.000000e+00	0.000000e+00	0.000000e+00
2.182000e+01	2.204000e+01	0.000000e+00	0.000000e+00	0.000000e+00
2.204000e+01	2.226000e+01	0.000000e+00	0.000000e+00	0.000000e+00
2.226000e+01	2.248000e+01	1.818182e-02	1.834636e-02	1.834636e-02
2.248000e+01	2.270000e+01	0.000000e+00	0.000000e+00	0.000000e+00
2.270000e+01	2.292000e+01	0.000000e+00	0.000000e+00	0.000000e+00
2.292000e+01	2.314000e+01	0.000000e+00	0.000000e+00	0.000000e+00
2.314000e+01	2.336000e+01	0.000000e+00	0.000000e+00	0.000000e+00
2.336000e+01	2.358000e+01	0.000000e+00	0.000000e+00	0.000000e+00
2.358000e+01	2.380000e+01	0.000000e+00	0.000000e+00	0.000000e+00
2.380000e+01	2.402000e+01	0.000000e+00	0.000000e+00	0.000000e+00
2.402000e+01	2.424000e+01	0.000000e+00	0.000000e+00	0.000000e+00
2.424000e+01	2.446000e+01	0.000000e+00	0.000000e+00	0.000000e+00
2.446000e+01	2.468000e+01	0.000000e+00	0.000000e+00	0.000000e+00
2.468000e+01	2.490000e+01	3.448276e-02	3.507225e-02	3.507225e-02
2.490000e+01	2.512000e+01	0.000000e+00	0.000000e+00	0.000000e+00
2.512000e+01	2.534000e+01	nan	nan	nan
2.534000e+01	2.556000e+01	nan	nan	nan
2.556000e+01	2.578000e+01	nan	nan	nan
2.578000e+01	2.600000e+01	nan	nan	nan
# END HISTO1D

