# BEGIN PLOT
LegendOnly=//mt/home/fpauwels/Desktop/Project_Repo/B_c/Comparison/LHC.yoda/MC_BC_comparison/h_pT_B0
DrawOnly=//mt/home/fpauwels/Desktop/Project_Repo/B_c/Comparison/LHC.yoda/MC_BC_comparison/h_pT_B0
Legend=1
LogY=1
# END PLOT

# BEGIN HISTO1D //mt/home/fpauwels/Desktop/Project_Repo/B_c/Comparison/LHC.yoda/MC_BC_comparison/h_pT_B0
LineColor=red
LineStyle=solid
Path=//mt/home/fpauwels/Desktop/Project_Repo/B_c/Comparison/LHC.yoda/MC_BC_comparison/h_pT_B0
ScaledBy=3.47188508359692889e+02
Title=LHC
# xlow	 xhigh	 val	 errminus	 errplus
4.000000e+00	4.220000e+00	0.000000e+00	0.000000e+00	0.000000e+00
4.220000e+00	4.440000e+00	0.000000e+00	0.000000e+00	0.000000e+00
4.440000e+00	4.660000e+00	0.000000e+00	0.000000e+00	0.000000e+00
4.660000e+00	4.880000e+00	0.000000e+00	0.000000e+00	0.000000e+00
4.880000e+00	5.100000e+00	1.208847e+06	4.367743e+04	4.367743e+04
5.100000e+00	5.320000e+00	2.498179e+06	6.278894e+04	6.278894e+04
5.320000e+00	5.540000e+00	2.315116e+06	6.044463e+04	6.044463e+04
5.540000e+00	5.760000e+00	2.313538e+06	6.042402e+04	6.042402e+04
5.760000e+00	5.980000e+00	2.327741e+06	6.060922e+04	6.060922e+04
5.980000e+00	6.200000e+00	2.027896e+06	5.657104e+04	5.657104e+04
6.200000e+00	6.420000e+00	2.114694e+06	5.776903e+04	5.776903e+04
6.420000e+00	6.640000e+00	2.180975e+06	5.866738e+04	5.866738e+04
6.640000e+00	6.860000e+00	2.056303e+06	5.696588e+04	5.696588e+04
6.860000e+00	7.080000e+00	1.983709e+06	5.595131e+04	5.595131e+04
7.080000e+00	7.300000e+00	1.873240e+06	5.437108e+04	5.437108e+04
7.300000e+00	7.520000e+00	1.833786e+06	5.379547e+04	5.379547e+04
7.520000e+00	7.740000e+00	1.814849e+06	5.351697e+04	5.351697e+04
7.740000e+00	7.960000e+00	1.907959e+06	5.487264e+04	5.487264e+04
7.960000e+00	8.180000e+00	1.863771e+06	5.423350e+04	5.423350e+04
8.180000e+00	8.400000e+00	1.901646e+06	5.478178e+04	5.478178e+04
8.400000e+00	8.620000e+00	1.939521e+06	5.532464e+04	5.532464e+04
8.620000e+00	8.840000e+00	1.835365e+06	5.381862e+04	5.381862e+04
8.840000e+00	9.060000e+00	1.791177e+06	5.316680e+04	5.316680e+04
9.060000e+00	9.280000e+00	1.810115e+06	5.344712e+04	5.344712e+04
9.280000e+00	9.500000e+00	1.900068e+06	5.475905e+04	5.475905e+04
9.500000e+00	9.720000e+00	1.881130e+06	5.448548e+04	5.448548e+04
9.720000e+00	9.940000e+00	1.895334e+06	5.469079e+04	5.469079e+04
9.940000e+00	1.016000e+01	1.855880e+06	5.411858e+04	5.411858e+04
1.016000e+01	1.038000e+01	1.778552e+06	5.297910e+04	5.297910e+04
1.038000e+01	1.060000e+01	1.895334e+06	5.469079e+04	5.469079e+04
1.060000e+01	1.082000e+01	1.672817e+06	5.138019e+04	5.138019e+04
1.082000e+01	1.104000e+01	1.627052e+06	5.067246e+04	5.067246e+04
1.104000e+01	1.126000e+01	1.707536e+06	5.191062e+04	5.191062e+04
1.126000e+01	1.148000e+01	1.546567e+06	4.940328e+04	4.940328e+04
1.148000e+01	1.170000e+01	1.567083e+06	4.972987e+04	4.972987e+04
1.170000e+01	1.192000e+01	1.455035e+06	4.791905e+04	4.791905e+04
1.192000e+01	1.214000e+01	1.432942e+06	4.755384e+04	4.755384e+04
1.214000e+01	1.236000e+01	1.330363e+06	4.582014e+04	4.582014e+04
1.236000e+01	1.258000e+01	1.328785e+06	4.579297e+04	4.579297e+04
1.258000e+01	1.280000e+01	1.300379e+06	4.530084e+04	4.530084e+04
1.280000e+01	1.302000e+01	1.213582e+06	4.376287e+04	4.376287e+04
1.302000e+01	1.324000e+01	1.145722e+06	4.252173e+04	4.252173e+04
1.324000e+01	1.346000e+01	1.074706e+06	4.118283e+04	4.118283e+04
1.346000e+01	1.368000e+01	1.003690e+06	3.979891e+04	3.979891e+04
1.368000e+01	1.390000e+01	1.049456e+06	4.069617e+04	4.069617e+04
1.390000e+01	1.412000e+01	9.184714e+05	3.807187e+04	3.807187e+04
1.412000e+01	1.434000e+01	8.805964e+05	3.727861e+04	3.727861e+04
1.434000e+01	1.456000e+01	9.090027e+05	3.787511e+04	3.787511e+04
1.456000e+01	1.478000e+01	8.143150e+05	3.584821e+04	3.584821e+04
1.478000e+01	1.500000e+01	7.653927e+05	3.475470e+04	3.475470e+04
1.500000e+01	1.522000e+01	6.675486e+05	3.245733e+04	3.245733e+04
1.522000e+01	1.544000e+01	7.227832e+05	3.377345e+04	3.377345e+04
1.544000e+01	1.566000e+01	6.801736e+05	3.276282e+04	3.276282e+04
1.566000e+01	1.588000e+01	6.328300e+05	3.160202e+04	3.160202e+04
1.588000e+01	1.610000e+01	5.791736e+05	3.023261e+04	3.023261e+04
1.610000e+01	1.632000e+01	5.775955e+05	3.019140e+04	3.019140e+04
1.632000e+01	1.654000e+01	5.665486e+05	2.990129e+04	2.990129e+04
1.654000e+01	1.676000e+01	4.466107e+05	2.654825e+04	2.654825e+04
1.676000e+01	1.698000e+01	5.176264e+05	2.858114e+04	2.858114e+04
1.698000e+01	1.720000e+01	4.529232e+05	2.673521e+04	2.673521e+04
1.720000e+01	1.742000e+01	4.434544e+05	2.645427e+04	2.645427e+04
1.742000e+01	1.764000e+01	3.929543e+05	2.490247e+04	2.490247e+04
1.764000e+01	1.786000e+01	3.866417e+05	2.470164e+04	2.470164e+04
1.786000e+01	1.808000e+01	3.945324e+05	2.495242e+04	2.495242e+04
1.808000e+01	1.830000e+01	3.235165e+05	2.259538e+04	2.259538e+04
1.830000e+01	1.852000e+01	3.266728e+05	2.270533e+04	2.270533e+04
1.852000e+01	1.874000e+01	3.298291e+05	2.281475e+04	2.281475e+04
1.874000e+01	1.896000e+01	3.377197e+05	2.308605e+04	2.308605e+04
1.896000e+01	1.918000e+01	2.982665e+05	2.169569e+04	2.169569e+04
1.918000e+01	1.940000e+01	2.809070e+05	2.105488e+04	2.105488e+04
1.940000e+01	1.962000e+01	2.887977e+05	2.134854e+04	2.134854e+04
1.962000e+01	1.984000e+01	2.667039e+05	2.051569e+04	2.051569e+04
1.984000e+01	2.006000e+01	2.572351e+05	2.014821e+04	2.014821e+04
2.006000e+01	2.028000e+01	2.351413e+05	1.926353e+04	1.926353e+04
2.028000e+01	2.050000e+01	2.067350e+05	1.806252e+04	1.806252e+04
2.050000e+01	2.072000e+01	2.256725e+05	1.887169e+04	1.887169e+04
2.072000e+01	2.094000e+01	2.035787e+05	1.792411e+04	1.792411e+04
2.094000e+01	2.116000e+01	1.925318e+05	1.743101e+04	1.743101e+04
2.116000e+01	2.138000e+01	1.925318e+05	1.743101e+04	1.743101e+04
2.138000e+01	2.160000e+01	2.004225e+05	1.778462e+04	1.778462e+04
2.160000e+01	2.182000e+01	1.688599e+05	1.632430e+04	1.632430e+04
2.182000e+01	2.204000e+01	1.436098e+05	1.505440e+04	1.505440e+04
2.204000e+01	2.226000e+01	1.562348e+05	1.570219e+04	1.570219e+04
2.226000e+01	2.248000e+01	1.609692e+05	1.593833e+04	1.593833e+04
2.248000e+01	2.270000e+01	1.309848e+05	1.437745e+04	1.437745e+04
2.270000e+01	2.292000e+01	1.372973e+05	1.471981e+04	1.471981e+04
2.292000e+01	2.314000e+01	1.199379e+05	1.375781e+04	1.375781e+04
2.314000e+01	2.336000e+01	1.515005e+05	1.546245e+04	1.546245e+04
2.336000e+01	2.358000e+01	1.152035e+05	1.348355e+04	1.348355e+04
2.358000e+01	2.380000e+01	1.057347e+05	1.291755e+04	1.291755e+04
2.380000e+01	2.402000e+01	1.025784e+05	1.272329e+04	1.272329e+04
2.402000e+01	2.424000e+01	1.104691e+05	1.320358e+04	1.320358e+04
2.424000e+01	2.446000e+01	7.101582e+04	1.058642e+04	1.058642e+04
2.446000e+01	2.468000e+01	9.784405e+04	1.242620e+04	1.242620e+04
2.468000e+01	2.490000e+01	9.310964e+04	1.212184e+04	1.212184e+04
2.490000e+01	2.512000e+01	3.629698e+04	7.568444e+03	7.568444e+03
2.512000e+01	2.534000e+01	0.000000e+00	0.000000e+00	0.000000e+00
2.534000e+01	2.556000e+01	0.000000e+00	0.000000e+00	0.000000e+00
2.556000e+01	2.578000e+01	0.000000e+00	0.000000e+00	0.000000e+00
2.578000e+01	2.600000e+01	0.000000e+00	0.000000e+00	0.000000e+00
# END HISTO1D

