# BEGIN PLOT
LegendOnly=//mt/home/fpauwels/Desktop/Project_Repo/B_c/Comparison/LHC.yoda/MC_BC_comparison/h_pT_ratio
XLabel=$p_\perp$[GeV]
YLabel=$\frac{f_{c}}{f_{u}+f_{d}}$
DrawOnly=//mt/home/fpauwels/Desktop/Project_Repo/B_c/Comparison/LHC.yoda/MC_BC_comparison/h_pT_ratio
Title=Production Cross section ratio $\frac{f_{c}}{f_{u}+f_{d}}$ against transverse momentum
Legend=1
LogY=0
# END PLOT

# BEGIN HISTO1D //mt/home/fpauwels/Desktop/Project_Repo/B_c/Comparison/LHC.yoda/MC_BC_comparison/h_pT_ratio
LineColor=red
LineStyle=solid
Path=//mt/home/fpauwels/Desktop/Project_Repo/B_c/Comparison/LHC.yoda/MC_BC_comparison/h_pT_ratio
Title=LHC
# xlow	 xhigh	 val	 errminus	 errplus
4.000000e+00	4.220000e+00	nan	nan	nan
4.220000e+00	4.440000e+00	nan	nan	nan
4.440000e+00	4.660000e+00	nan	nan	nan
4.660000e+00	4.880000e+00	nan	nan	nan
4.880000e+00	5.100000e+00	1.305483e-02	4.155160e-03	4.155160e-03
5.100000e+00	5.320000e+00	8.212255e-03	2.287003e-03	2.287003e-03
5.320000e+00	5.540000e+00	8.861622e-03	2.468638e-03	2.468638e-03
5.540000e+00	5.760000e+00	7.503411e-03	2.270835e-03	2.270835e-03
5.760000e+00	5.980000e+00	1.016949e-02	2.639069e-03	2.639069e-03
5.980000e+00	6.200000e+00	1.712062e-02	3.681243e-03	3.681243e-03
6.200000e+00	6.420000e+00	8.208955e-03	2.485231e-03	2.485231e-03
6.420000e+00	6.640000e+00	7.235890e-03	2.296453e-03	2.296453e-03
6.640000e+00	6.860000e+00	3.837299e-03	1.719382e-03	1.719382e-03
6.860000e+00	7.080000e+00	1.431981e-02	3.399292e-03	3.399292e-03
7.080000e+00	7.300000e+00	1.347936e-02	3.392476e-03	3.392476e-03
7.300000e+00	7.520000e+00	1.376936e-02	3.465959e-03	3.465959e-03
7.520000e+00	7.740000e+00	1.391304e-02	3.502374e-03	3.502374e-03
7.740000e+00	7.960000e+00	1.075269e-02	2.998250e-03	2.998250e-03
7.960000e+00	8.180000e+00	5.080440e-03	2.079343e-03	2.079343e-03
8.180000e+00	8.400000e+00	1.244813e-02	3.234037e-03	3.234037e-03
8.400000e+00	8.620000e+00	8.950366e-03	2.710687e-03	2.710687e-03
8.620000e+00	8.840000e+00	6.878762e-03	2.440360e-03	2.440360e-03
8.840000e+00	9.060000e+00	1.233480e-02	3.316884e-03	3.316884e-03
9.060000e+00	9.280000e+00	1.394943e-02	3.511597e-03	3.511597e-03
9.280000e+00	9.500000e+00	1.162791e-02	3.125705e-03	3.125705e-03
9.500000e+00	9.720000e+00	1.006711e-02	2.920717e-03	2.920717e-03
9.720000e+00	9.940000e+00	1.498751e-02	3.558964e-03	3.558964e-03
9.940000e+00	1.016000e+01	1.020408e-02	2.960655e-03	2.960655e-03
1.016000e+01	1.038000e+01	1.064774e-02	3.090058e-03	3.090058e-03
1.038000e+01	1.060000e+01	7.493755e-03	2.507260e-03	2.507260e-03
1.060000e+01	1.082000e+01	8.490566e-03	2.842178e-03	2.842178e-03
1.082000e+01	1.104000e+01	1.066925e-02	3.234016e-03	3.234016e-03
1.104000e+01	1.126000e+01	7.393715e-03	2.623719e-03	2.623719e-03
1.126000e+01	1.148000e+01	9.183673e-03	3.075249e-03	3.075249e-03
1.148000e+01	1.170000e+01	9.063444e-03	3.034808e-03	3.034808e-03
1.170000e+01	1.192000e+01	1.301518e-02	3.781531e-03	3.781531e-03
1.192000e+01	1.214000e+01	7.709251e-03	2.925033e-03	2.925033e-03
1.214000e+01	1.236000e+01	8.303677e-03	3.151499e-03	3.151499e-03
1.236000e+01	1.258000e+01	1.187648e-02	3.777910e-03	3.777910e-03
1.258000e+01	1.280000e+01	8.495146e-03	3.224473e-03	3.224473e-03
1.280000e+01	1.302000e+01	7.802341e-03	3.197694e-03	3.197694e-03
1.302000e+01	1.324000e+01	1.101928e-02	3.917311e-03	3.917311e-03
1.324000e+01	1.346000e+01	8.810573e-03	3.612712e-03	3.612712e-03
1.346000e+01	1.368000e+01	1.257862e-02	4.475095e-03	4.475095e-03
1.368000e+01	1.390000e+01	1.203008e-02	4.278781e-03	4.278781e-03
1.390000e+01	1.412000e+01	1.374570e-02	4.893127e-03	4.893127e-03
1.412000e+01	1.434000e+01	1.433692e-02	5.105072e-03	5.105072e-03
1.434000e+01	1.456000e+01	6.944444e-03	3.484258e-03	3.484258e-03
1.456000e+01	1.478000e+01	1.356589e-02	5.162087e-03	5.162087e-03
1.478000e+01	1.500000e+01	8.247423e-03	4.140681e-03	4.140681e-03
1.500000e+01	1.522000e+01	9.456265e-03	4.750435e-03	4.750435e-03
1.522000e+01	1.544000e+01	1.091703e-02	4.908822e-03	4.908822e-03
1.544000e+01	1.566000e+01	0.000000e+00	0.000000e+00	0.000000e+00
1.566000e+01	1.588000e+01	4.987531e-03	3.535501e-03	3.535501e-03
1.588000e+01	1.610000e+01	2.179837e-02	7.790432e-03	7.790432e-03
1.610000e+01	1.632000e+01	8.196721e-03	4.751735e-03	4.751735e-03
1.632000e+01	1.654000e+01	8.356546e-03	4.844771e-03	4.844771e-03
1.654000e+01	1.676000e+01	1.060071e-02	6.152675e-03	6.152675e-03
1.676000e+01	1.698000e+01	6.097561e-03	4.324752e-03	4.324752e-03
1.698000e+01	1.720000e+01	1.393728e-02	7.017035e-03	7.017035e-03
1.720000e+01	1.742000e+01	3.558719e-03	3.565045e-03	3.565045e-03
1.742000e+01	1.764000e+01	4.016064e-03	4.024121e-03	4.024121e-03
1.764000e+01	1.786000e+01	8.163265e-03	5.795813e-03	5.795813e-03
1.786000e+01	1.808000e+01	0.000000e+00	0.000000e+00	0.000000e+00
1.808000e+01	1.830000e+01	4.878049e-03	4.889932e-03	4.889932e-03
1.830000e+01	1.852000e+01	1.932367e-02	9.754740e-03	9.754740e-03
1.852000e+01	1.874000e+01	9.569378e-03	6.798871e-03	6.798871e-03
1.874000e+01	1.896000e+01	9.345794e-03	6.639283e-03	6.639283e-03
1.896000e+01	1.918000e+01	0.000000e+00	0.000000e+00	0.000000e+00
1.918000e+01	1.940000e+01	0.000000e+00	0.000000e+00	0.000000e+00
1.940000e+01	1.962000e+01	1.639344e-02	9.542023e-03	9.542023e-03
1.962000e+01	1.984000e+01	5.917160e-03	5.934640e-03	5.934640e-03
1.984000e+01	2.006000e+01	0.000000e+00	0.000000e+00	0.000000e+00
2.006000e+01	2.028000e+01	6.711409e-03	6.733893e-03	6.733893e-03
2.028000e+01	2.050000e+01	3.053435e-02	1.549851e-02	1.549851e-02
2.050000e+01	2.072000e+01	2.097902e-02	1.223864e-02	1.223864e-02
2.072000e+01	2.094000e+01	0.000000e+00	0.000000e+00	0.000000e+00
2.094000e+01	2.116000e+01	8.196721e-03	8.230246e-03	8.230246e-03
2.116000e+01	2.138000e+01	3.278689e-02	1.666002e-02	1.666002e-02
2.138000e+01	2.160000e+01	2.362205e-02	1.379834e-02	1.379834e-02
2.160000e+01	2.182000e+01	2.803738e-02	1.641275e-02	1.641275e-02
2.182000e+01	2.204000e+01	0.000000e+00	0.000000e+00	0.000000e+00
2.204000e+01	2.226000e+01	2.020202e-02	1.442856e-02	1.442856e-02
2.226000e+01	2.248000e+01	0.000000e+00	0.000000e+00	0.000000e+00
2.248000e+01	2.270000e+01	1.204819e-02	1.212055e-02	1.212055e-02
2.270000e+01	2.292000e+01	1.149425e-02	1.156012e-02	1.156012e-02
2.292000e+01	2.314000e+01	2.631579e-02	1.885133e-02	1.885133e-02
2.314000e+01	2.336000e+01	2.083333e-02	1.488405e-02	1.488405e-02
2.336000e+01	2.358000e+01	1.369863e-02	1.379214e-02	1.379214e-02
2.358000e+01	2.380000e+01	1.492537e-02	1.503634e-02	1.503634e-02
2.380000e+01	2.402000e+01	1.538462e-02	1.550251e-02	1.550251e-02
2.402000e+01	2.424000e+01	1.428571e-02	1.438739e-02	1.438739e-02
2.424000e+01	2.446000e+01	0.000000e+00	0.000000e+00	0.000000e+00
2.446000e+01	2.468000e+01	1.612903e-02	1.625858e-02	1.625858e-02
2.468000e+01	2.490000e+01	0.000000e+00	0.000000e+00	0.000000e+00
2.490000e+01	2.512000e+01	0.000000e+00	0.000000e+00	0.000000e+00
2.512000e+01	2.534000e+01	nan	nan	nan
2.534000e+01	2.556000e+01	nan	nan	nan
2.556000e+01	2.578000e+01	nan	nan	nan
2.578000e+01	2.600000e+01	nan	nan	nan
# END HISTO1D

