# BEGIN PLOT
LegendOnly=//mt/home/fpauwels/Desktop/Project_Repo/B_c_fixed/LHC.yoda/MC_BC_comparison/h_pT_B0
XLabel=$p_\perp$ [GeV]
YLabel=Number of Particles
DrawOnly=//mt/home/fpauwels/Desktop/Project_Repo/B_c_fixed/LHC.yoda/MC_BC_comparison/h_pT_B0
Title=Total number of $B^0$ and $B^{+}$ particles present in the simulation against $p_\perp$
Legend=1
LogY=0
# END PLOT

# BEGIN HISTO1D //mt/home/fpauwels/Desktop/Project_Repo/B_c_fixed/LHC.yoda/MC_BC_comparison/h_pT_B0
ConnectBins=0
ErrorBars=1
LineColor=red
LineStyle=solid
Path=//mt/home/fpauwels/Desktop/Project_Repo/B_c_fixed/LHC.yoda/MC_BC_comparison/h_pT_B0
ScaledBy=6.95142476011543749e+02
Title=LHC
# xlow	 xhigh	 val	 errminus	 errplus
4.000000e+00	4.220000e+00	0.000000e+00	0.000000e+00	0.000000e+00
4.220000e+00	4.440000e+00	0.000000e+00	0.000000e+00	0.000000e+00
4.440000e+00	4.660000e+00	0.000000e+00	0.000000e+00	0.000000e+00
4.660000e+00	4.880000e+00	0.000000e+00	0.000000e+00	0.000000e+00
4.880000e+00	5.100000e+00	1.235458e+06	6.247978e+04	6.247978e+04
5.100000e+00	5.320000e+00	2.606784e+06	9.075658e+04	9.075658e+04
5.320000e+00	5.540000e+00	2.287651e+06	8.501987e+04	8.501987e+04
5.540000e+00	5.760000e+00	2.300290e+06	8.525441e+04	8.525441e+04
5.760000e+00	5.980000e+00	2.192859e+06	8.323977e+04	8.323977e+04
5.980000e+00	6.200000e+00	2.164421e+06	8.269827e+04	8.269827e+04
6.200000e+00	6.420000e+00	2.101226e+06	8.148205e+04	8.148205e+04
6.420000e+00	6.640000e+00	1.936920e+06	7.823145e+04	7.823145e+04
6.640000e+00	6.860000e+00	1.899003e+06	7.746195e+04	7.746195e+04
6.860000e+00	7.080000e+00	1.933760e+06	7.816761e+04	7.816761e+04
7.080000e+00	7.300000e+00	1.908482e+06	7.765503e+04	7.765503e+04
7.300000e+00	7.520000e+00	1.854766e+06	7.655440e+04	7.655440e+04
7.520000e+00	7.740000e+00	1.880045e+06	7.707430e+04	7.707430e+04
7.740000e+00	7.960000e+00	1.977996e+06	7.905663e+04	7.905663e+04
7.960000e+00	8.180000e+00	1.911642e+06	7.771930e+04	7.771930e+04
8.180000e+00	8.400000e+00	1.880045e+06	7.707430e+04	7.707430e+04
8.400000e+00	8.620000e+00	1.756815e+06	7.450553e+04	7.450553e+04
8.620000e+00	8.840000e+00	2.012754e+06	7.974820e+04	7.974820e+04
8.840000e+00	9.060000e+00	1.857926e+06	7.661959e+04	7.661959e+04
9.060000e+00	9.280000e+00	1.829489e+06	7.603096e+04	7.603096e+04
9.280000e+00	9.500000e+00	1.823169e+06	7.589952e+04	7.589952e+04
9.500000e+00	9.720000e+00	1.829489e+06	7.603096e+04	7.603096e+04
9.720000e+00	9.940000e+00	1.880045e+06	7.707430e+04	7.707430e+04
9.940000e+00	1.016000e+01	1.892683e+06	7.733294e+04	7.733294e+04
1.016000e+01	1.038000e+01	1.820010e+06	7.583373e+04	7.583373e+04
1.038000e+01	1.060000e+01	1.801051e+06	7.543772e+04	7.543772e+04
1.060000e+01	1.082000e+01	1.820010e+06	7.583373e+04	7.583373e+04
1.082000e+01	1.104000e+01	1.857926e+06	7.661959e+04	7.661959e+04
1.104000e+01	1.126000e+01	1.756815e+06	7.450553e+04	7.450553e+04
1.126000e+01	1.148000e+01	1.601987e+06	7.114676e+04	7.114676e+04
1.148000e+01	1.170000e+01	1.592508e+06	7.093595e+04	7.093595e+04
1.170000e+01	1.192000e+01	1.541952e+06	6.980091e+04	6.980091e+04
1.192000e+01	1.214000e+01	1.595668e+06	7.100629e+04	7.100629e+04
1.214000e+01	1.236000e+01	1.437681e+06	6.739953e+04	6.739953e+04
1.236000e+01	1.258000e+01	1.295493e+06	6.397984e+04	6.397984e+04
1.258000e+01	1.280000e+01	1.437681e+06	6.739953e+04	6.739953e+04
1.280000e+01	1.302000e+01	1.286014e+06	6.374533e+04	6.374533e+04
1.302000e+01	1.324000e+01	1.222819e+06	6.215937e+04	6.215937e+04
1.324000e+01	1.346000e+01	1.086950e+06	5.860441e+04	5.860441e+04
1.346000e+01	1.368000e+01	9.953177e+05	5.607980e+04	5.607980e+04
1.368000e+01	1.390000e+01	9.763591e+05	5.554313e+04	5.554313e+04
1.390000e+01	1.412000e+01	9.131645e+05	5.371556e+04	5.371556e+04
1.412000e+01	1.434000e+01	8.910464e+05	5.306103e+04	5.306103e+04
1.434000e+01	1.456000e+01	9.194841e+05	5.390110e+04	5.390110e+04
1.456000e+01	1.478000e+01	8.689282e+05	5.239833e+04	5.239833e+04
1.478000e+01	1.500000e+01	7.551777e+05	4.884837e+04	4.884837e+04
1.500000e+01	1.522000e+01	8.404905e+05	5.153377e+04	5.153377e+04
1.522000e+01	1.544000e+01	7.520177e+05	4.874607e+04	4.874607e+04
1.544000e+01	1.566000e+01	7.488582e+05	4.864356e+04	4.864356e+04
1.566000e+01	1.588000e+01	6.793436e+05	4.633087e+04	4.633087e+04
1.588000e+01	1.610000e+01	6.003505e+05	4.355399e+04	4.355399e+04
1.610000e+01	1.632000e+01	5.150373e+05	4.034084e+04	4.034084e+04
1.632000e+01	1.654000e+01	5.118777e+05	4.021691e+04	4.021691e+04
1.654000e+01	1.676000e+01	4.771205e+05	3.882752e+04	3.882752e+04
1.676000e+01	1.698000e+01	4.708009e+05	3.856953e+04	3.856953e+04
1.698000e+01	1.720000e+01	4.865995e+05	3.921132e+04	3.921132e+04
1.720000e+01	1.742000e+01	4.486829e+05	3.765263e+04	3.765263e+04
1.742000e+01	1.764000e+01	3.380920e+05	3.268459e+04	3.268459e+04
1.764000e+01	1.786000e+01	3.886478e+05	3.504320e+04	3.504320e+04
1.786000e+01	1.808000e+01	4.170855e+05	3.630263e+04	3.630263e+04
1.808000e+01	1.830000e+01	3.222933e+05	3.191179e+04	3.191179e+04
1.830000e+01	1.852000e+01	3.191336e+05	3.175498e+04	3.175498e+04
1.852000e+01	1.874000e+01	3.159739e+05	3.159739e+04	3.159739e+04
1.874000e+01	1.896000e+01	3.191336e+05	3.175498e+04	3.175498e+04
1.896000e+01	1.918000e+01	3.001752e+05	3.079732e+04	3.079732e+04
1.918000e+01	1.940000e+01	2.748973e+05	2.947208e+04	2.947208e+04
1.940000e+01	1.962000e+01	2.464596e+05	2.790606e+04	2.790606e+04
1.962000e+01	1.984000e+01	2.401401e+05	2.754596e+04	2.754596e+04
1.984000e+01	2.006000e+01	2.970154e+05	3.063480e+04	3.063480e+04
2.006000e+01	2.028000e+01	2.559388e+05	2.843765e+04	2.843765e+04
2.028000e+01	2.050000e+01	2.338206e+05	2.718110e+04	2.718110e+04
2.050000e+01	2.072000e+01	2.180220e+05	2.624676e+04	2.624676e+04
2.072000e+01	2.094000e+01	2.527791e+05	2.826156e+04	2.826156e+04
2.094000e+01	2.116000e+01	2.022233e+05	2.527791e+04	2.527791e+04
2.116000e+01	2.138000e+01	1.611467e+05	2.256505e+04	2.256505e+04
2.138000e+01	2.160000e+01	1.959038e+05	2.487981e+04	2.487981e+04
2.160000e+01	2.182000e+01	1.927440e+05	2.467835e+04	2.467835e+04
2.182000e+01	2.204000e+01	1.200700e+05	1.947794e+04	1.947794e+04
2.204000e+01	2.226000e+01	1.263895e+05	1.998394e+04	1.998394e+04
2.226000e+01	2.248000e+01	1.516675e+05	2.189131e+04	2.189131e+04
2.248000e+01	2.270000e+01	1.643064e+05	2.278520e+04	2.278520e+04
2.270000e+01	2.292000e+01	1.485077e+05	2.166207e+04	2.166207e+04
2.292000e+01	2.314000e+01	1.263895e+05	1.998394e+04	1.998394e+04
2.314000e+01	2.336000e+01	1.169103e+05	1.921994e+04	1.921994e+04
2.336000e+01	2.358000e+01	9.163241e+04	1.701571e+04	1.701571e+04
2.358000e+01	2.380000e+01	1.200700e+05	1.947794e+04	1.947794e+04
2.380000e+01	2.402000e+01	9.479214e+04	1.730660e+04	1.730660e+04
2.402000e+01	2.424000e+01	1.074311e+05	1.842428e+04	1.842428e+04
2.424000e+01	2.446000e+01	9.479214e+04	1.730660e+04	1.730660e+04
2.446000e+01	2.468000e+01	1.200700e+05	1.947794e+04	1.947794e+04
2.468000e+01	2.490000e+01	6.635450e+04	1.447974e+04	1.447974e+04
2.490000e+01	2.512000e+01	3.475712e+04	1.047967e+04	1.047967e+04
2.512000e+01	2.534000e+01	0.000000e+00	0.000000e+00	0.000000e+00
2.534000e+01	2.556000e+01	0.000000e+00	0.000000e+00	0.000000e+00
2.556000e+01	2.578000e+01	0.000000e+00	0.000000e+00	0.000000e+00
2.578000e+01	2.600000e+01	0.000000e+00	0.000000e+00	0.000000e+00
# END HISTO1D

