# BEGIN PLOT
LegendOnly=/ATLAS_2016_I1419652/d17-x01-y01 //mt/home/fpauwels/Desktop/Project_Repo/Images for VM/P_T/LHC.yoda/ATLAS_2016_I1419652/d17-x01-y01
XLabel=$N_\text{ch}$
RatioPlotReference=/ATLAS_2016_I1419652/d17-x01-y01
YLabel=$1/\sigma \, \mathrm{d}\sigma/\mathrm{d}N_\text{ch}$
Title=Charged multiplicity $\ge 1$, $p_\perp > 500\,\text{MeV}$, $|\eta| < 0.8$, $\tau > 30$ ps
DrawOnly=/ATLAS_2016_I1419652/d17-x01-y01 //mt/home/fpauwels/Desktop/Project_Repo/Images for VM/P_T/LHC.yoda/ATLAS_2016_I1419652/d17-x01-y01
RatioPlot=1
FullRange=1
Legend=1
LogY=1
# END PLOT

# BEGIN HISTO1D /ATLAS_2016_I1419652/d17-x01-y01
ConnectBins=0
ErrorBars=1
IsRef=1
Path=/ATLAS_2016_I1419652/d17-x01-y01
PolyMarker=*
Title=Data
# xlow	 xhigh	 val	 errminus	 errplus
5.000000e-01	1.500000e+00	2.108000e-01	4.421693e-03	4.413734e-03
1.500000e+00	2.500000e+00	1.520000e-01	6.251231e-04	6.060117e-04
2.500000e+00	3.500000e+00	1.111000e-01	4.927134e-04	4.806516e-04
3.500000e+00	4.500000e+00	8.599000e-02	3.793165e-04	3.732124e-04
4.500000e+00	5.500000e+00	6.936000e-02	3.451687e-04	3.435352e-04
5.500000e+00	6.500000e+00	5.741000e-02	3.698575e-04	3.708501e-04
6.500000e+00	7.500000e+00	4.802000e-02	3.849993e-04	3.843763e-04
7.500000e+00	8.500000e+00	4.058000e-02	3.683340e-04	3.629933e-04
8.500000e+00	9.500000e+00	3.443000e-02	3.244514e-04	3.163687e-04
9.500000e+00	1.050000e+01	2.921000e-02	2.895708e-04	2.742253e-04
1.050000e+01	1.150000e+01	2.484000e-02	2.618774e-04	2.531404e-04
1.150000e+01	1.250000e+01	2.114000e-02	2.353010e-04	2.345619e-04
1.250000e+01	1.350000e+01	1.795000e-02	2.017004e-04	2.035478e-04
1.350000e+01	1.450000e+01	1.524000e-02	1.729731e-04	1.788554e-04
1.450000e+01	1.550000e+01	1.296000e-02	1.644038e-04	1.743925e-04
1.550000e+01	1.650000e+01	1.100000e-02	1.722771e-04	1.817879e-04
1.650000e+01	1.750000e+01	9.298000e-03	1.785175e-04	1.867763e-04
1.750000e+01	1.850000e+01	7.887000e-03	1.827920e-04	1.911348e-04
1.850000e+01	1.950000e+01	6.620000e-03	1.805394e-04	1.894749e-04
1.950000e+01	2.050000e+01	5.599000e-03	1.735160e-04	1.831461e-04
2.050000e+01	2.150000e+01	4.730000e-03	1.640431e-04	1.728940e-04
2.150000e+01	2.250000e+01	3.988000e-03	1.559657e-04	1.637638e-04
2.250000e+01	2.350000e+01	3.331000e-03	1.510457e-04	1.590776e-04
2.350000e+01	2.450000e+01	2.775000e-03	1.417776e-04	1.497947e-04
2.450000e+01	2.550000e+01	2.305000e-03	1.321170e-04	1.395752e-04
2.550000e+01	2.650000e+01	1.904000e-03	1.208308e-04	1.273573e-04
2.650000e+01	2.750000e+01	1.588000e-03	1.094410e-04	1.145802e-04
2.750000e+01	2.850000e+01	1.309000e-03	9.545237e-05	1.000950e-04
2.850000e+01	2.950000e+01	1.073000e-03	8.399733e-05	8.862966e-05
2.950000e+01	3.050000e+01	9.198000e-04	7.915207e-05	8.374418e-05
3.050000e+01	3.150000e+01	7.719000e-04	7.255890e-05	7.649140e-05
3.150000e+01	3.250000e+01	6.357000e-04	6.327754e-05	6.656190e-05
3.250000e+01	3.350000e+01	5.090000e-04	5.280270e-05	5.532732e-05
3.350000e+01	3.450000e+01	4.135000e-04	4.593126e-05	4.818398e-05
3.450000e+01	3.550000e+01	3.363000e-04	4.052229e-05	4.264253e-05
3.550000e+01	3.650000e+01	2.616000e-04	3.334409e-05	3.513516e-05
3.650000e+01	3.750000e+01	2.231000e-04	2.861722e-05	3.025032e-05
3.750000e+01	3.850000e+01	1.793000e-04	2.293966e-05	2.434330e-05
3.850000e+01	3.950000e+01	1.425000e-04	1.867820e-05	1.983033e-05
3.950000e+01	4.050000e+01	1.212000e-04	1.594318e-05	1.710626e-05
4.050000e+01	4.150000e+01	9.257000e-05	1.264585e-05	1.353375e-05
4.150000e+01	4.250000e+01	7.614000e-05	1.121636e-05	1.210510e-05
4.250000e+01	4.350000e+01	6.385000e-05	1.013514e-05	1.090636e-05
4.350000e+01	4.450000e+01	4.897000e-05	7.979672e-06	8.516680e-06
4.450000e+01	4.550000e+01	4.291000e-05	7.127690e-06	7.590456e-06
4.550000e+01	5.000000e+01	2.275000e-05	3.858710e-06	4.162396e-06
5.000000e+01	5.500000e+01	1.017000e-05	1.844739e-06	1.912841e-06
# END HISTO1D


# BEGIN HISTO1D //mt/home/fpauwels/Desktop/Project_Repo/Images for VM/P_T/LHC.yoda/ATLAS_2016_I1419652/d17-x01-y01
LineColor=red
LineStyle=solid
Path=//mt/home/fpauwels/Desktop/Project_Repo/Images for VM/P_T/LHC.yoda/ATLAS_2016_I1419652/d17-x01-y01
ScaledBy=1.01499142332247291e-05
Title=LHC
# xlow	 xhigh	 val	 errminus	 errplus
5.000000e-01	1.500000e+00	2.408575e-02	4.944374e-04	4.944374e-04
1.500000e+00	2.500000e+00	3.205343e-02	5.703855e-04	5.703855e-04
2.500000e+00	3.500000e+00	3.768663e-02	6.184789e-04	6.184789e-04
3.500000e+00	4.500000e+00	4.299504e-02	6.606027e-04	6.606027e-04
4.500000e+00	5.500000e+00	5.062777e-02	7.168455e-04	7.168455e-04
5.500000e+00	6.500000e+00	5.312465e-02	7.343097e-04	7.343097e-04
6.500000e+00	7.500000e+00	5.402799e-02	7.405265e-04	7.405265e-04
7.500000e+00	8.500000e+00	5.581438e-02	7.526694e-04	7.526694e-04
8.500000e+00	9.500000e+00	5.600723e-02	7.539685e-04	7.539685e-04
9.500000e+00	1.050000e+01	5.617978e-02	7.551291e-04	7.551291e-04
1.050000e+01	1.150000e+01	5.310435e-02	7.341693e-04	7.341693e-04
1.150000e+01	1.250000e+01	4.987668e-02	7.115083e-04	7.115083e-04
1.250000e+01	1.350000e+01	4.800909e-02	6.980603e-04	6.980603e-04
1.350000e+01	1.450000e+01	4.521787e-02	6.774640e-04	6.774640e-04
1.450000e+01	1.550000e+01	4.215259e-02	6.540988e-04	6.540988e-04
1.550000e+01	1.650000e+01	3.902642e-02	6.293765e-04	6.293765e-04
1.650000e+01	1.750000e+01	3.523035e-02	5.979842e-04	5.979842e-04
1.750000e+01	1.850000e+01	3.144443e-02	5.649410e-04	5.649410e-04
1.850000e+01	1.950000e+01	2.849081e-02	5.377539e-04	5.377539e-04
1.950000e+01	2.050000e+01	2.410605e-02	4.946456e-04	4.946456e-04
2.050000e+01	2.150000e+01	2.239071e-02	4.767219e-04	4.767219e-04
2.150000e+01	2.250000e+01	1.913259e-02	4.406746e-04	4.406746e-04
2.250000e+01	2.350000e+01	1.573237e-02	3.996026e-04	3.996026e-04
2.350000e+01	2.450000e+01	1.413883e-02	3.788244e-04	3.788244e-04
2.450000e+01	2.550000e+01	1.209870e-02	3.504293e-04	3.504293e-04
2.550000e+01	2.650000e+01	1.073861e-02	3.301454e-04	3.301454e-04
2.650000e+01	2.750000e+01	7.805284e-03	2.814657e-04	2.814657e-04
2.750000e+01	2.850000e+01	7.165839e-03	2.696899e-04	2.696899e-04
2.850000e+01	2.950000e+01	5.846351e-03	2.435979e-04	2.435979e-04
2.950000e+01	3.050000e+01	4.699410e-03	2.184001e-04	2.184001e-04
3.050000e+01	3.150000e+01	4.242664e-03	2.075155e-04	2.075155e-04
3.150000e+01	3.250000e+01	3.116024e-03	1.778409e-04	1.778409e-04
3.250000e+01	3.350000e+01	2.831826e-03	1.695370e-04	1.695370e-04
3.350000e+01	3.450000e+01	2.253281e-03	1.512303e-04	1.512303e-04
3.450000e+01	3.550000e+01	1.826985e-03	1.361754e-04	1.361754e-04
3.550000e+01	3.650000e+01	1.339789e-03	1.166136e-04	1.166136e-04
3.650000e+01	3.750000e+01	1.096191e-03	1.054810e-04	1.054810e-04
3.750000e+01	3.850000e+01	1.075891e-03	1.044998e-04	1.044998e-04
3.850000e+01	3.950000e+01	7.815434e-04	8.906513e-05	8.906513e-05
3.950000e+01	4.050000e+01	5.379455e-04	7.389249e-05	7.389249e-05
4.050000e+01	4.150000e+01	4.059966e-04	6.419369e-05	6.419369e-05
4.150000e+01	4.250000e+01	3.247973e-04	5.741658e-05	5.741658e-05
4.250000e+01	4.350000e+01	2.943475e-04	5.465896e-05	5.465896e-05
4.350000e+01	4.450000e+01	2.435979e-04	4.972422e-05	4.972422e-05
4.450000e+01	4.550000e+01	1.217990e-04	3.516033e-05	3.516033e-05
4.550000e+01	5.000000e+01	8.571038e-05	1.390406e-05	1.390406e-05
5.000000e+01	5.500000e+01	1.623986e-05	5.741659e-06	5.741659e-06
# END HISTO1D

